13 0.589453125 0.14097222222222222 0.12265625000000001 0.22361111111111112
1 0.51875 0.11319444444444444 0.021875000000000002 0.04861111111111111
0 0.512109375 0.025 0.02734375 0.04166666666666667
0 0.4734375 0.25833333333333336 0.028125 0.05555555555555556
0 0.505078125 0.3506944444444445 0.02109375 0.0375
0 0.515234375 0.5069444444444444 0.03515625 0.05555555555555556
0 0.5281250000000001 0.6138888888888889 0.035937500000000004 0.06666666666666667
0 0.524609375 0.7597222222222223 0.032031250000000004 0.07222222222222223
0 0.529296875 0.826388888888889 0.039843750000000004 0.03333333333333333
36 0.534375 0.8930555555555556 0.021875000000000002 0.036111111111111115
