0 0.311328125 0.36736111111111114 0.04453125 0.06527777777777778
0 0.212890625 0.5430555555555556 0.05390625 0.061111111111111116
0 0.172265625 0.4979166666666667 0.04296875 0.06527777777777778
0 0.205859375 0.4847222222222222 0.041406250000000006 0.0638888888888889
0 0.095703125 0.7381944444444445 0.05078125 0.07361111111111111
1 0.351171875 0.36458333333333337 0.04609375 0.08472222222222223
1 0.3640625 0.31180555555555556 0.053125000000000006 0.07361111111111111
1 0.319921875 0.31180555555555556 0.041406250000000006 0.0625
1 0.36835937500000004 0.14444444444444446 0.032031250000000004 0.06666666666666667
1 0.4 0.15972222222222224 0.045312500000000006 0.06944444444444445
1 0.33437500000000003 0.12291666666666667 0.037500000000000006 0.05694444444444444
14 0.9343750000000001 0.9555555555555556 0.015625 0.030555555555555558
