15 0.6878906250000001 0.02638888888888889 0.07109375 0.016666666666666666
16 0.6515625 0.12430555555555556 0.14375000000000002 0.16527777777777777
0 0.538671875 0.37430555555555556 0.017968750000000002 0.04583333333333334
0 0.5554687500000001 0.33472222222222225 0.0171875 0.04722222222222222
0 0.5375 0.2923611111111111 0.0171875 0.04861111111111111
0 0.521484375 0.24027777777777778 0.017968750000000002 0.05555555555555556
1 0.5574218750000001 0.23402777777777778 0.02421875 0.04583333333333334
1 0.601171875 0.09027777777777778 0.01953125 0.030555555555555558
1 0.5378906250000001 0.06805555555555556 0.02421875 0.04722222222222222
1 0.566015625 0.05277777777777778 0.014843750000000001 0.04166666666666667
14 0.9328125 0.9576388888888889 0.0078125 0.0125
