15 0.47890625000000003 0.26875 0.0734375 0.018055555555555557
1 0.325 0.1763888888888889 0.0328125 0.05555555555555556
1 0.366015625 0.12013888888888889 0.02734375 0.0375
1 0.41796875 0.2125 0.025 0.04166666666666667
0 0.38203125000000004 0.22361111111111112 0.026562500000000003 0.05
0 0.37148437500000003 0.3729166666666667 0.02109375 0.04861111111111111
0 0.39609375 0.35694444444444445 0.0140625 0.03333333333333333
0 0.34687500000000004 0.37986111111111115 0.0328125 0.059722222222222225
0 0.309375 0.38472222222222224 0.029687500000000002 0.04166666666666667
0 0.39375000000000004 0.6430555555555556 0.029687500000000002 0.05277777777777778
0 0.36367187500000003 0.675 0.02421875 0.04722222222222222
0 0.32539062500000004 0.6541666666666667 0.03671875 0.05555555555555556
36 0.532421875 0.8909722222222223 0.022656250000000003 0.02638888888888889
