0 0.36640625000000004 0.6111111111111112 0.0234375 0.04722222222222222
0 0.39570312500000004 0.6673611111111112 0.02734375 0.04583333333333334
0 0.397265625 0.7937500000000001 0.039843750000000004 0.04861111111111111
0 0.49453125000000003 0.7208333333333333 0.0546875 0.07777777777777778
0 0.555078125 0.6638888888888889 0.030468750000000003 0.05555555555555556
0 0.6765625000000001 0.7319444444444445 0.03125 0.05555555555555556
0 0.704296875 0.6965277777777779 0.025781250000000002 0.051388888888888894
1 0.625 0.6868055555555556 0.03125 0.043055555555555555
1 0.7406250000000001 0.7923611111111112 0.0234375 0.04583333333333334
1 0.75 0.7347222222222223 0.03125 0.05
1 0.7375 0.6881944444444444 0.026562500000000003 0.043055555555555555
1 0.669140625 0.6409722222222223 0.02734375 0.04027777777777778
1 0.7210937500000001 0.5944444444444444 0.034375 0.07222222222222223
1 0.6742187500000001 0.5576388888888889 0.029687500000000002 0.04861111111111111
1 0.6316406250000001 0.49930555555555556 0.030468750000000003 0.0375
15 0.424609375 0.3263888888888889 0.04296875 0.019444444444444445
