16 0.42617187500000003 0.1902777777777778 0.13359375 0.29444444444444445
0 0.26640625 0.4708333333333333 0.025 0.04722222222222222
0 0.290234375 0.48680555555555555 0.02890625 0.059722222222222225
0 0.315234375 0.5229166666666667 0.032031250000000004 0.05416666666666667
0 0.34765625 0.5402777777777777 0.0328125 0.07777777777777778
0 0.3796875 0.5798611111111112 0.0390625 0.06805555555555556
0 0.43789062500000003 0.5784722222222223 0.04453125 0.06527777777777778
0 0.5027343750000001 0.5743055555555556 0.025781250000000002 0.05416666666666667
0 0.54296875 0.5229166666666667 0.0328125 0.0763888888888889
0 0.50703125 0.4486111111111111 0.043750000000000004 0.07222222222222223
0 0.384765625 0.3138888888888889 0.03515625 0.08333333333333334
0 0.5953125 0.40069444444444446 0.0390625 0.05416666666666667
3 0.429296875 0.8465277777777778 0.01953125 0.029166666666666667
2 0.46328125000000003 0.851388888888889 0.0171875 0.025
24 0.658203125 0.20555555555555557 0.19609375 0.2888888888888889
