15 0.6671875 0.12152777777777778 0.0859375 0.020833333333333336
36 0.531640625 0.8923611111111112 0.030468750000000003 0.04861111111111111
1 0.63046875 0.49375 0.0421875 0.07916666666666666
1 0.57421875 0.4673611111111111 0.065625 0.10972222222222222
1 0.6507812500000001 0.6069444444444445 0.0671875 0.10555555555555556
0 0.53046875 0.46805555555555556 0.051562500000000004 0.08611111111111111
0 0.52265625 0.5590277777777778 0.06406250000000001 0.09583333333333334
0 0.43398437500000003 0.5798611111111112 0.06015625 0.07361111111111111
0 0.37343750000000003 0.6055555555555556 0.05625 0.08055555555555556
0 0.36367187500000003 0.5263888888888889 0.05234375 0.08333333333333334
0 0.4140625 0.7048611111111112 0.060937500000000006 0.08472222222222223
0 0.35546875 0.75 0.05625 0.08611111111111111
0 0.25820312500000003 0.7944444444444445 0.07265625 0.09444444444444444
0 0.1484375 0.8430555555555556 0.05625 0.075
0 0.057031250000000006 0.8708333333333333 0.035937500000000004 0.09722222222222222
