0 0.36875 0.5826388888888889 0.0390625 0.059722222222222225
0 0.2671875 0.47500000000000003 0.028125 0.08333333333333334
0 0.29453125 0.4951388888888889 0.034375 0.059722222222222225
0 0.37265625 0.7041666666666667 0.045312500000000006 0.08333333333333334
0 0.291015625 0.7555555555555555 0.04453125 0.061111111111111116
0 0.282421875 0.8222222222222223 0.039843750000000004 0.07222222222222223
1 0.32148437500000004 0.3902777777777778 0.07578125000000001 0.09722222222222222
1 0.31328125 0.4548611111111111 0.0328125 0.051388888888888894
1 0.362890625 0.26944444444444443 0.039843750000000004 0.058333333333333334
1 0.325 0.2534722222222222 0.034375 0.05694444444444444
1 0.30625 0.21875 0.029687500000000002 0.04027777777777778
15 0.32539062500000004 0.03194444444444445 0.06328125 0.03333333333333333
