0 0.3375 0.4361111111111111 0.034375 0.061111111111111116
0 0.55 0.2715277777777778 0.029687500000000002 0.06527777777777778
0 0.33203125 0.38819444444444445 0.0390625 0.0625
0 0.32148437500000004 0.34097222222222223 0.049218750000000006 0.059722222222222225
0 0.40742187500000004 0.42708333333333337 0.05390625 0.07083333333333333
1 0.5875 0.3298611111111111 0.040625 0.05694444444444444
1 0.582421875 0.275 0.032031250000000004 0.05555555555555556
1 0.5625 0.2263888888888889 0.040625 0.061111111111111116
1 0.50703125 0.30069444444444443 0.060937500000000006 0.0763888888888889
14 0.933203125 0.9583333333333334 0.01640625 0.03888888888888889
