15 0.539453125 0.4465277777777778 0.08359375000000001 0.015277777777777779
15 0.570703125 0.4104166666666667 0.08515625 0.018055555555555557
1 0.404296875 0.6354166666666667 0.057031250000000006 0.07916666666666666
1 0.40468750000000003 0.7152777777777778 0.045312500000000006 0.08888888888888889
1 0.501953125 0.7458333333333333 0.06171875 0.10833333333333334
1 0.55703125 0.7361111111111112 0.034375 0.075
1 0.5554687500000001 0.6590277777777778 0.043750000000000004 0.07361111111111111
1 0.5453125 0.6013888888888889 0.0578125 0.075
0 0.382421875 0.64375 0.04296875 0.08194444444444444
0 0.3640625 0.7076388888888889 0.03125 0.0763888888888889
0 0.36054687500000004 0.7854166666666667 0.06171875 0.06805555555555556
