15 0.544140625 0.17430555555555557 0.08828125 0.029166666666666667
0 0.48828125 0.4590277777777778 0.053125000000000006 0.10138888888888889
0 0.44570312500000003 0.6256944444444444 0.039843750000000004 0.06527777777777778
0 0.5078125 0.6284722222222222 0.0390625 0.07916666666666666
0 0.544921875 0.6395833333333334 0.04453125 0.07916666666666666
1 0.465625 0.40555555555555556 0.043750000000000004 0.08055555555555556
1 0.44648437500000004 0.39166666666666666 0.057031250000000006 0.09166666666666667
1 0.48125 0.30972222222222223 0.0578125 0.10833333333333334
1 0.482421875 0.2326388888888889 0.03671875 0.06805555555555556
1 0.58203125 0.23472222222222222 0.046875 0.0638888888888889
