1 0.7312500000000001 0.5569444444444445 0.03125 0.0638888888888889
1 0.65390625 0.5708333333333333 0.034375 0.05555555555555556
1 0.685546875 0.5326388888888889 0.032031250000000004 0.05694444444444444
1 0.7039062500000001 0.46805555555555556 0.0625 0.08055555555555556
1 0.6484375 0.45069444444444445 0.025 0.034722222222222224
1 0.661328125 0.4118055555555556 0.02890625 0.04861111111111111
1 0.7585937500000001 0.3423611111111111 0.034375 0.07361111111111111
0 0.5921875 0.4527777777777778 0.0421875 0.0638888888888889
0 0.6628906250000001 0.48333333333333334 0.01953125 0.03333333333333333
0 0.53671875 0.5597222222222222 0.034375 0.05
0 0.494140625 0.49236111111111114 0.04453125 0.051388888888888894
