16 0.6234375000000001 0.30694444444444446 0.13125 0.3055555555555556
1 0.7113281250000001 0.44930555555555557 0.03359375 0.0625
1 0.5554687500000001 0.4604166666666667 0.029687500000000002 0.04861111111111111
1 0.517578125 0.38472222222222224 0.02734375 0.04166666666666667
1 0.5546875 0.23819444444444446 0.0328125 0.0375
1 0.544921875 0.17708333333333334 0.02109375 0.04861111111111111
1 0.520703125 0.1423611111111111 0.022656250000000003 0.0375
0 0.46210937500000004 0.6180555555555556 0.030468750000000003 0.0638888888888889
0 0.498046875 0.6548611111111111 0.02890625 0.05416666666666667
0 0.5625 0.7027777777777778 0.029687500000000002 0.07222222222222223
0 0.56484375 0.5465277777777778 0.03125 0.06805555555555556
0 0.6078125000000001 0.5152777777777778 0.029687500000000002 0.05
0 0.67109375 0.45833333333333337 0.0328125 0.061111111111111116
0 0.519140625 0.48194444444444445 0.04453125 0.0638888888888889
