3 0.4296875 0.8527777777777779 0.0203125 0.03333333333333333
2 0.46132812500000003 0.851388888888889 0.017968750000000002 0.02777777777777778
0 0.5671875000000001 0.8041666666666667 0.037500000000000006 0.09166666666666667
0 0.6003906250000001 0.7868055555555555 0.03359375 0.09583333333333334
0 0.57734375 0.6125 0.0421875 0.06666666666666667
0 0.55078125 0.5722222222222223 0.0390625 0.061111111111111116
0 0.5390625 0.3979166666666667 0.035937500000000004 0.06527777777777778
1 0.6273437500000001 0.5458333333333334 0.0546875 0.10833333333333334
1 0.5691406250000001 0.38125000000000003 0.02890625 0.05694444444444444
1 0.5496093750000001 0.3375 0.03359375 0.04722222222222222
