0 0.306640625 0.2902777777777778 0.032031250000000004 0.06666666666666667
0 0.28828125 0.2972222222222222 0.0421875 0.06666666666666667
0 0.27773437500000003 0.2555555555555556 0.05234375 0.058333333333333334
0 0.255078125 0.4840277777777778 0.05234375 0.06805555555555556
0 0.260546875 0.5465277777777778 0.05078125 0.07083333333333333
0 0.21601562500000002 0.5256944444444445 0.04609375 0.06805555555555556
0 0.16484375 0.44236111111111115 0.037500000000000006 0.04861111111111111
0 0.220703125 0.4465277777777778 0.047656250000000004 0.0763888888888889
1 0.33984375 0.28402777777777777 0.0390625 0.06527777777777778
1 0.330859375 0.2263888888888889 0.04453125 0.06666666666666667
1 0.299609375 0.2152777777777778 0.039843750000000004 0.058333333333333334
14 0.9328125 0.9534722222222223 0.015625 0.03194444444444445
