0 0.371875 0.8250000000000001 0.029687500000000002 0.05555555555555556
0 0.48359375000000004 0.6020833333333333 0.03125 0.06805555555555556
0 0.516015625 0.607638888888889 0.03359375 0.07361111111111111
0 0.451171875 0.5583333333333333 0.02890625 0.058333333333333334
1 0.555859375 0.4548611111111111 0.03515625 0.07083333333333333
1 0.5906250000000001 0.36319444444444443 0.0328125 0.04861111111111111
1 0.63828125 0.33055555555555555 0.035937500000000004 0.07222222222222223
1 0.5890625 0.2986111111111111 0.034375 0.058333333333333334
1 0.671875 0.20972222222222223 0.046875 0.1
1 0.680859375 0.10902777777777778 0.03671875 0.05694444444444444
14 0.9328125 0.9548611111111112 0.010937500000000001 0.02638888888888889
