0 0.7156250000000001 0.7368055555555556 0.040625 0.07361111111111111
0 0.5109375 0.65 0.06406250000000001 0.09444444444444444
0 0.4765625 0.7368055555555556 0.0421875 0.07361111111111111
0 0.43007812500000003 0.732638888888889 0.057031250000000006 0.07916666666666666
0 0.385546875 0.7361111111111112 0.05234375 0.08611111111111111
0 0.40664062500000003 0.6013888888888889 0.05390625 0.07222222222222223
0 0.28671875 0.6229166666666667 0.06875 0.07916666666666666
0 0.38007812500000004 0.48750000000000004 0.05234375 0.058333333333333334
0 0.440234375 0.49097222222222225 0.041406250000000006 0.07083333333333333
1 0.675 0.5326388888888889 0.0546875 0.06805555555555556
1 0.59296875 0.4569444444444445 0.078125 0.08611111111111111
1 0.579296875 0.3784722222222222 0.04296875 0.05416666666666667
1 0.520703125 0.4395833333333333 0.05390625 0.06805555555555556
1 0.51953125 0.5701388888888889 0.046875 0.059722222222222225
1 0.434375 0.5444444444444445 0.0546875 0.0638888888888889
1 0.6179687500000001 0.55625 0.0 0.001388888888888889
16 0.5730468750000001 0.21319444444444446 0.13203125000000002 0.29583333333333334
15 0.123046875 0.41458333333333336 0.06328125 0.015277777777777779
24 0.7660156250000001 0.19097222222222224 0.16484375 0.2513888888888889
