0 0.56640625 0.34097222222222223 0.040625 0.059722222222222225
0 0.5375 0.3125 0.03125 0.06944444444444445
0 0.4859375 0.22361111111111112 0.045312500000000006 0.061111111111111116
0 0.456640625 0.18541666666666667 0.03828125 0.06805555555555556
0 0.421875 0.19375 0.0484375 0.05416666666666667
0 0.425390625 0.2652777777777778 0.05234375 0.05555555555555556
0 0.39921875 0.3284722222222222 0.0421875 0.05416666666666667
1 0.6003906250000001 0.3055555555555556 0.03671875 0.06944444444444445
1 0.5640625 0.27569444444444446 0.0328125 0.04861111111111111
1 0.578515625 0.23402777777777778 0.03671875 0.051388888888888894
14 0.933203125 0.951388888888889 0.013281250000000001 0.036111111111111115
15 0.33828125000000003 0.22083333333333335 0.065625 0.02777777777777778
15 0.8695312500000001 0.12708333333333333 0.0484375 0.02638888888888889
