0 0.291015625 0.32222222222222224 0.032031250000000004 0.061111111111111116
0 0.23945312500000002 0.32083333333333336 0.02890625 0.0638888888888889
0 0.21171875 0.2881944444444445 0.029687500000000002 0.0625
0 0.18515625000000002 0.27569444444444446 0.028125 0.059722222222222225
0 0.16132812500000002 0.24722222222222223 0.02734375 0.044444444444444446
0 0.141015625 0.23125 0.030468750000000003 0.04583333333333334
0 0.36054687500000004 0.2076388888888889 0.05390625 0.07083333333333333
0 0.34882812500000004 0.31319444444444444 0.032031250000000004 0.05416666666666667
0 0.38710937500000003 0.26458333333333334 0.032031250000000004 0.04861111111111111
0 0.56171875 0.3111111111111111 0.037500000000000006 0.058333333333333334
3 0.4296875 0.8527777777777779 0.0171875 0.030555555555555558
2 0.46523437500000003 0.8527777777777779 0.02109375 0.036111111111111115
16 0.326171875 0.06458333333333334 0.08671875000000001 0.11527777777777778
