15 0.28046875 0.27361111111111114 0.084375 0.022222222222222223
16 0.44375000000000003 0.11666666666666667 0.115625 0.22222222222222224
36 0.5320312500000001 0.8916666666666667 0.0171875 0.036111111111111115
1 0.431640625 0.5104166666666667 0.057031250000000006 0.09305555555555556
1 0.41484375 0.4138888888888889 0.065625 0.09722222222222222
1 0.397265625 0.325 0.06328125 0.08055555555555556
1 0.36562500000000003 0.22986111111111113 0.046875 0.09583333333333334
1 0.36250000000000004 0.13541666666666669 0.0546875 0.08194444444444444
1 0.369921875 0.050694444444444445 0.05390625 0.0763888888888889
37 0.65625 0.33333333333333337 0.0703125 0.09444444444444444
37 0.64453125 0.04861111111111111 0.060937500000000006 0.07222222222222223
37 0.27421875 0.043055555555555555 0.05 0.058333333333333334
37 0.43046875 0.525 0.059375000000000004 0.075
