15 0.33828125000000003 0.20416666666666666 0.084375 0.02777777777777778
0 0.37734375000000003 0.34305555555555556 0.026562500000000003 0.04722222222222222
0 0.36250000000000004 0.2986111111111111 0.0203125 0.02777777777777778
0 0.378515625 0.2638888888888889 0.02421875 0.036111111111111115
0 0.282421875 0.2513888888888889 0.04296875 0.07222222222222223
0 0.021875000000000002 0.29930555555555555 0.0390625 0.05416666666666667
0 0.12421875 0.18819444444444444 0.025 0.03194444444444445
1 0.45625000000000004 0.11944444444444445 0.03125 0.030555555555555558
1 0.515234375 0.20625000000000002 0.02421875 0.05416666666666667
3 0.429296875 0.8472222222222222 0.014843750000000001 0.03333333333333333
2 0.462890625 0.851388888888889 0.017968750000000002 0.030555555555555558
1 0.27265625 0.11111111111111112 0.0203125 0.016666666666666666
1 0.291015625 0.1590277777777778 0.017968750000000002 0.0375
