15 0.547265625 0.28402777777777777 0.08203125 0.018055555555555557
36 0.53359375 0.8902777777777778 0.025 0.03888888888888889
1 0.6531250000000001 0.4083333333333333 0.043750000000000004 0.06944444444444445
1 0.644140625 0.3402777777777778 0.041406250000000006 0.05277777777777778
1 0.602734375 0.3284722222222222 0.03515625 0.051388888888888894
1 0.524609375 0.5645833333333333 0.03671875 0.07361111111111111
1 0.5281250000000001 0.4930555555555556 0.035937500000000004 0.044444444444444446
1 0.494921875 0.47847222222222224 0.030468750000000003 0.04583333333333334
0 0.46718750000000003 0.46319444444444446 0.0390625 0.08194444444444444
0 0.48984375 0.5131944444444445 0.05 0.07361111111111111
0 0.48203125 0.5659722222222222 0.059375000000000004 0.09861111111111112
0 0.333984375 0.59375 0.06484375 0.07083333333333333
0 0.331640625 0.6555555555555556 0.03515625 0.05555555555555556
0 0.3640625 0.6645833333333333 0.046875 0.09027777777777778
