1 0.5066406250000001 0.4083333333333333 0.06328125 0.13611111111111113
1 0.563671875 0.30347222222222225 0.06484375 0.07916666666666666
1 0.610546875 0.3229166666666667 0.05234375 0.10138888888888889
1 0.58125 0.225 0.05 0.10833333333333334
1 0.53359375 0.19791666666666669 0.065625 0.1125
1 0.496875 0.16458333333333333 0.0390625 0.07361111111111111
0 0.427734375 0.42083333333333334 0.07109375 0.11666666666666667
0 0.416796875 0.3458333333333333 0.047656250000000004 0.10277777777777779
0 0.35585937500000003 0.5131944444444445 0.049218750000000006 0.09583333333333334
0 0.40625 0.5388888888888889 0.07968750000000001 0.13333333333333333
