15 0.46875 0.12152777777777778 0.07968750000000001 0.0125
0 0.53125 0.17916666666666667 0.0203125 0.04166666666666667
0 0.512109375 0.2652777777777778 0.013281250000000001 0.04722222222222222
0 0.526953125 0.30486111111111114 0.01640625 0.04583333333333334
0 0.53671875 0.3527777777777778 0.026562500000000003 0.044444444444444446
0 0.59296875 0.37430555555555556 0.03125 0.04583333333333334
0 0.552734375 0.4131944444444445 0.02734375 0.05694444444444444
0 0.525390625 0.4534722222222222 0.025781250000000002 0.05416666666666667
16 0.685546875 0.09375 0.12578125 0.18194444444444446
14 0.933203125 0.9520833333333334 0.01171875 0.03194444444444445
