1 0.035546875 0.3111111111111111 0.039843750000000004 0.044444444444444446
1 0.10507812500000001 0.23750000000000002 0.03671875 0.05
1 0.15976562500000002 0.17708333333333334 0.04296875 0.05416666666666667
1 0.575390625 0.28611111111111115 0.04609375 0.10555555555555556
1 0.5625 0.18541666666666667 0.026562500000000003 0.034722222222222224
1 0.59765625 0.15 0.025 0.04722222222222222
13 0.671484375 0.29444444444444445 0.12421875 0.29444444444444445
0 0.555078125 0.5145833333333334 0.032031250000000004 0.05416666666666667
0 0.60078125 0.5722222222222223 0.043750000000000004 0.08888888888888889
0 0.624609375 0.6888888888888889 0.03359375 0.061111111111111116
0 0.5339843750000001 0.74375 0.02734375 0.06805555555555556
0 0.437109375 0.701388888888889 0.03671875 0.05
1 0.6179687500000001 0.48333333333333334 0.03125 0.058333333333333334
0 0.578515625 0.3888888888888889 0.03515625 0.05277777777777778
0 0.52734375 0.4479166666666667 0.029687500000000002 0.04583333333333334
1 0.5105468750000001 0.5097222222222222 0.02734375 0.0638888888888889
