15 0.8375 0.04652777777777778 0.065625 0.015277777777777779
15 0.562109375 0.004861111111111111 0.07890625000000001 0.009722222222222222
24 0.38671875 0.6465277777777778 0.2421875 0.30972222222222223
36 0.537109375 0.89375 0.022656250000000003 0.034722222222222224
0 0.08867187500000001 0.34097222222222223 0.05234375 0.09861111111111112
0 0.14140625 0.3354166666666667 0.040625 0.05416666666666667
0 0.14765625000000002 0.3701388888888889 0.046875 0.06527777777777778
0 0.110546875 0.4013888888888889 0.03671875 0.05555555555555556
0 0.11015625000000001 0.4625 0.0328125 0.08055555555555556
0 0.084375 0.49097222222222225 0.029687500000000002 0.06527777777777778
0 0.08203125 0.5361111111111111 0.040625 0.061111111111111116
0 0.0625 0.5777777777777778 0.025 0.05277777777777778
0 0.062109375 0.6152777777777778 0.022656250000000003 0.0638888888888889
0 0.049609375000000004 0.6833333333333333 0.03515625 0.04722222222222222
0 0.05390625 0.7833333333333333 0.018750000000000003 0.05
0 0.12734375 0.6131944444444445 0.0421875 0.08194444444444444
0 0.213671875 0.6958333333333334 0.047656250000000004 0.06666666666666667
0 0.23945312500000002 0.78125 0.047656250000000004 0.07916666666666666
0 0.233203125 0.47708333333333336 0.04296875 0.07916666666666666
0 0.212890625 0.40902777777777777 0.032031250000000004 0.04861111111111111
0 0.24765625000000002 0.42291666666666666 0.03125 0.06527777777777778
0 0.26640625 0.3965277777777778 0.0390625 0.04861111111111111
0 0.598046875 0.4763888888888889 0.047656250000000004 0.08333333333333334
0 0.5437500000000001 0.6625 0.0546875 0.11111111111111112
0 0.658203125 0.5437500000000001 0.05234375 0.10416666666666667
0 0.676953125 0.4326388888888889 0.055468750000000004 0.08750000000000001
0 0.73984375 0.39722222222222225 0.046875 0.06944444444444445
0 0.7296875 0.30972222222222223 0.0421875 0.058333333333333334
0 0.7093750000000001 0.27708333333333335 0.028125 0.04861111111111111
0 0.7453125 0.2451388888888889 0.065625 0.07361111111111111
0 0.6734375 0.23819444444444446 0.05625 0.08472222222222223
0 0.623046875 0.2388888888888889 0.05390625 0.09722222222222222
