0 0.286328125 0.6173611111111111 0.04609375 0.06527777777777778
0 0.359375 0.5013888888888889 0.043750000000000004 0.07777777777777778
0 0.42421875000000003 0.44097222222222227 0.045312500000000006 0.059722222222222225
0 0.511328125 0.4152777777777778 0.07109375 0.1
0 0.5925781250000001 0.41597222222222224 0.03515625 0.059722222222222225
0 0.6277343750000001 0.40902777777777777 0.03671875 0.05694444444444444
0 0.649609375 0.3493055555555556 0.04609375 0.051388888888888894
0 0.6703125000000001 0.43819444444444444 0.037500000000000006 0.06805555555555556
0 0.697265625 0.48055555555555557 0.05234375 0.0638888888888889
1 0.734375 0.4701388888888889 0.0328125 0.06805555555555556
1 0.7140625 0.4201388888888889 0.03125 0.051388888888888894
1 0.66015625 0.40347222222222223 0.029687500000000002 0.05694444444444444
1 0.7421875 0.36736111111111114 0.065625 0.09583333333333334
1 0.773046875 0.31319444444444444 0.039843750000000004 0.06527777777777778
1 0.841796875 0.3652777777777778 0.03515625 0.05555555555555556
14 0.933203125 0.9527777777777778 0.013281250000000001 0.03333333333333333
15 0.7992187500000001 0.2611111111111111 0.0625 0.022222222222222223
