37 0.32890625 0.38958333333333334 0.046875 0.07083333333333333
37 0.29531250000000003 0.09305555555555556 0.0390625 0.05277777777777778
37 0.562109375 0.4666666666666667 0.04296875 0.08055555555555556
1 0.41054687500000003 0.26319444444444445 0.04296875 0.05416666666666667
1 0.4234375 0.3090277777777778 0.053125000000000006 0.06805555555555556
0 0.322265625 0.5256944444444445 0.05234375 0.1125
0 0.357421875 0.5340277777777778 0.03671875 0.09305555555555556
0 0.388671875 0.5548611111111111 0.05859375 0.11527777777777778
0 0.381640625 0.3909722222222222 0.06796875000000001 0.14305555555555557
0 0.534765625 0.2 0.057031250000000006 0.1
