37 0.38320312500000003 0.06180555555555556 0.05390625 0.05416666666666667
37 0.36054687500000004 0.34652777777777777 0.05078125 0.07361111111111111
37 0.575390625 0.51875 0.03828125 0.07916666666666666
1 0.4265625 0.1736111111111111 0.05 0.08333333333333334
1 0.45390625 0.19930555555555557 0.037500000000000006 0.06805555555555556
1 0.47773437500000004 0.20277777777777778 0.03828125 0.07777777777777778
1 0.478125 0.30208333333333337 0.060937500000000006 0.09861111111111112
1 0.49140625000000004 0.42708333333333337 0.0421875 0.0763888888888889
0 0.45039062500000004 0.6131944444444445 0.07109375 0.1125
0 0.396484375 0.7319444444444445 0.06015625 0.11944444444444445
