0 0.298828125 0.6083333333333334 0.032031250000000004 0.05
0 0.30234375 0.6659722222222223 0.0328125 0.04027777777777778
0 0.295703125 0.7236111111111111 0.03359375 0.04722222222222222
0 0.471484375 0.6861111111111111 0.032031250000000004 0.04722222222222222
1 0.5171875 0.5548611111111111 0.021875000000000002 0.05694444444444444
1 0.48359375000000004 0.6055555555555556 0.029687500000000002 0.05
1 0.594140625 0.41250000000000003 0.022656250000000003 0.058333333333333334
1 0.628125 0.3902777777777778 0.0234375 0.05
1 0.659765625 0.41875 0.03359375 0.051388888888888894
2 0.39375000000000004 0.8486111111111111 0.018750000000000003 0.02777777777777778
2 0.427734375 0.851388888888889 0.017968750000000002 0.03888888888888889
2 0.46171875 0.8527777777777779 0.015625 0.030555555555555558
