15 0.6078125000000001 0.36597222222222225 0.084375 0.018055555555555557
1 0.6277343750000001 0.56875 0.03828125 0.09305555555555556
1 0.661328125 0.46319444444444446 0.02890625 0.059722222222222225
1 0.6351562500000001 0.45208333333333334 0.0328125 0.07361111111111111
1 0.786328125 0.37083333333333335 0.047656250000000004 0.07777777777777778
1 0.774609375 0.3263888888888889 0.04296875 0.07777777777777778
1 0.7367187500000001 0.32083333333333336 0.029687500000000002 0.06666666666666667
0 0.48515625 0.5381944444444444 0.0546875 0.09027777777777778
0 0.495703125 0.6083333333333334 0.04609375 0.07777777777777778
0 0.53046875 0.6291666666666667 0.046875 0.08888888888888889
0 0.599609375 0.41805555555555557 0.049218750000000006 0.06944444444444445
