0 0.24609375 0.25625000000000003 0.03125 0.05694444444444444
0 0.273046875 0.2520833333333333 0.032031250000000004 0.05694444444444444
0 0.312109375 0.28611111111111115 0.03828125 0.07777777777777778
0 0.287109375 0.48194444444444445 0.032031250000000004 0.0638888888888889
0 0.264453125 0.42638888888888893 0.03515625 0.05555555555555556
0 0.24960937500000002 0.4729166666666667 0.03671875 0.059722222222222225
0 0.1796875 0.41875 0.035937500000000004 0.051388888888888894
1 0.33046875000000003 0.2263888888888889 0.0421875 0.0638888888888889
1 0.299609375 0.20833333333333334 0.041406250000000006 0.0638888888888889
14 0.93359375 0.9534722222222223 0.0125 0.034722222222222224
