1 0.5066406250000001 0.36597222222222225 0.01953125 0.03194444444444445
1 0.46796875000000004 0.39166666666666666 0.029687500000000002 0.036111111111111115
1 0.43867187500000004 0.3819444444444445 0.030468750000000003 0.04166666666666667
1 0.476171875 0.2625 0.039843750000000004 0.07222222222222223
1 0.45742187500000003 0.1840277777777778 0.02421875 0.03194444444444445
1 0.5183593750000001 0.18819444444444444 0.02421875 0.04027777777777778
1 0.5574218750000001 0.21944444444444444 0.02421875 0.03888888888888889
1 0.633984375 0.29444444444444445 0.022656250000000003 0.044444444444444446
15 0.595703125 0.1375 0.08359375000000001 0.016666666666666666
15 0.665625 0.03680555555555556 0.08750000000000001 0.018055555555555557
