2 0.3921875 0.8541666666666667 0.015625 0.03333333333333333
2 0.428515625 0.8569444444444445 0.01640625 0.036111111111111115
2 0.462890625 0.8541666666666667 0.017968750000000002 0.04166666666666667
0 0.29335937500000003 0.7944444444444445 0.03515625 0.058333333333333334
0 0.225 0.8 0.045312500000000006 0.05555555555555556
0 0.2390625 0.7166666666666667 0.035937500000000004 0.05277777777777778
0 0.190234375 0.701388888888889 0.03359375 0.05
0 0.39609375 0.5916666666666667 0.018750000000000003 0.02777777777777778
0 0.47890625000000003 0.41944444444444445 0.0234375 0.05277777777777778
1 0.415625 0.6083333333333334 0.0234375 0.04722222222222222
1 0.50625 0.3625 0.021875000000000002 0.04722222222222222
14 0.933203125 0.9527777777777778 0.01171875 0.02777777777777778
36 0.530859375 0.89375 0.02421875 0.051388888888888894
