15 0.6984375 0.03125 0.0578125 0.018055555555555557
1 0.551953125 0.425 0.025781250000000002 0.044444444444444446
1 0.5652343750000001 0.4763888888888889 0.02734375 0.04166666666666667
1 0.5710937500000001 0.5472222222222223 0.029687500000000002 0.058333333333333334
1 0.357421875 0.5340277777777778 0.01953125 0.0375
1 0.341796875 0.58125 0.02421875 0.05416666666666667
0 0.326953125 0.6340277777777779 0.02734375 0.05416666666666667
0 0.19843750000000002 0.7041666666666667 0.043750000000000004 0.05277777777777778
0 0.341796875 0.4902777777777778 0.02109375 0.03333333333333333
0 0.41328125000000004 0.50625 0.025 0.05694444444444444
0 0.49531250000000004 0.4763888888888889 0.03125 0.05555555555555556
0 0.043359375000000006 0.7666666666666667 0.05078125 0.05555555555555556
0 0.055078125000000006 0.8243055555555556 0.055468750000000004 0.06805555555555556
