1 0.571484375 0.23750000000000002 0.022656250000000003 0.03888888888888889
1 0.5609375 0.18194444444444446 0.0203125 0.03333333333333333
0 0.51796875 0.3527777777777778 0.0234375 0.05277777777777778
0 0.304296875 0.4513888888888889 0.032031250000000004 0.04722222222222222
0 0.24765625000000002 0.6444444444444445 0.028125 0.06666666666666667
0 0.23007812500000002 0.7076388888888889 0.032031250000000004 0.04583333333333334
0 0.278125 0.7201388888888889 0.021875000000000002 0.06527777777777778
0 0.29296875 0.5576388888888889 0.026562500000000003 0.05416666666666667
0 0.35195312500000003 0.4729166666666667 0.04609375 0.07361111111111111
1 0.3359375 0.3819444444444445 0.0203125 0.04166666666666667
0 0.40625 0.37430555555555556 0.0203125 0.0375
0 0.433203125 0.3944444444444445 0.02109375 0.04722222222222222
15 0.4609375 0.04166666666666667 0.0734375 0.016666666666666666
