0 0.242578125 0.5618055555555556 0.03515625 0.051388888888888894
0 0.19843750000000002 0.5236111111111111 0.0328125 0.05277777777777778
0 0.280078125 0.42986111111111114 0.030468750000000003 0.06805555555555556
0 0.24335937500000002 0.2833333333333333 0.047656250000000004 0.08888888888888889
0 0.33710937500000004 0.22083333333333335 0.025781250000000002 0.06944444444444445
0 0.31640625 0.2576388888888889 0.028125 0.043055555555555555
0 0.36054687500000004 0.3354166666666667 0.02734375 0.0625
0 0.34609375000000003 0.3763888888888889 0.026562500000000003 0.04166666666666667
1 0.284375 0.22361111111111112 0.026562500000000003 0.06944444444444445
1 0.42304687500000004 0.25416666666666665 0.032031250000000004 0.04722222222222222
1 0.36757812500000003 0.18888888888888888 0.039843750000000004 0.07777777777777778
1 0.44257812500000004 0.2138888888888889 0.02890625 0.04166666666666667
1 0.34804687500000003 0.4291666666666667 0.041406250000000006 0.061111111111111116
1 0.30507812500000003 0.3340277777777778 0.049218750000000006 0.05694444444444444
0 0.311328125 0.4166666666666667 0.03359375 0.061111111111111116
14 0.9324218750000001 0.9548611111111112 0.01171875 0.029166666666666667
36 0.531640625 0.89375 0.022656250000000003 0.04583333333333334
