0 0.593359375 0.6236111111111111 0.01953125 0.05277777777777778
0 0.62890625 0.6173611111111111 0.018750000000000003 0.051388888888888894
0 0.66015625 0.6333333333333333 0.021875000000000002 0.044444444444444446
0 0.6917968750000001 0.6236111111111111 0.03359375 0.061111111111111116
0 0.5574218750000001 0.6006944444444444 0.02734375 0.051388888888888894
0 0.534375 0.5569444444444445 0.026562500000000003 0.05277777777777778
0 0.498046875 0.5034722222222222 0.02890625 0.059722222222222225
0 0.475390625 0.6048611111111112 0.03515625 0.05694444444444444
0 0.48085937500000003 0.725 0.032031250000000004 0.06666666666666667
1 0.598046875 0.3284722222222222 0.02734375 0.0375
1 0.529296875 0.3201388888888889 0.025781250000000002 0.05416666666666667
14 0.9328125 0.9527777777777778 0.0140625 0.03888888888888889
16 0.653515625 0.04513888888888889 0.022656250000000003 0.029166666666666667
15 0.59296875 0.022222222222222223 0.08750000000000001 0.019444444444444445
36 0.5328125 0.8916666666666667 0.0203125 0.02777777777777778
