0 0.525 0.3576388888888889 0.0234375 0.0375
0 0.498828125 0.39375 0.032031250000000004 0.04861111111111111
0 0.46992187500000004 0.3819444444444445 0.01953125 0.02777777777777778
0 0.4421875 0.30208333333333337 0.0421875 0.05694444444444444
0 0.45234375000000004 0.21180555555555555 0.0328125 0.04027777777777778
0 0.393359375 0.2326388888888889 0.02734375 0.04027777777777778
0 0.405078125 0.40347222222222223 0.02421875 0.04583333333333334
16 0.404296875 0.12916666666666668 0.17421875 0.18888888888888888
3 0.49843750000000003 0.8520833333333334 0.021875000000000002 0.02638888888888889
2 0.46328125000000003 0.8486111111111111 0.015625 0.036111111111111115
2 0.4296875 0.8520833333333334 0.0171875 0.02638888888888889
