15 0.464453125 0.16041666666666668 0.07109375 0.015277777777777779
15 0.446875 0.03402777777777778 0.084375 0.029166666666666667
1 0.40156250000000004 0.19930555555555557 0.018750000000000003 0.034722222222222224
1 0.37109375 0.21180555555555555 0.0234375 0.0375
1 0.340625 0.2555555555555556 0.0328125 0.04166666666666667
1 0.373828125 0.4201388888888889 0.02890625 0.043055555555555555
1 0.41015625 0.41458333333333336 0.021875000000000002 0.05416666666666667
0 0.43203125000000003 0.41805555555555557 0.018750000000000003 0.05555555555555556
0 0.38359375 0.3138888888888889 0.025 0.05
0 0.33046875000000003 0.41597222222222224 0.021875000000000002 0.0375
0 0.30195312500000004 0.4326388888888889 0.02421875 0.04861111111111111
0 0.295703125 0.3819444444444445 0.039843750000000004 0.04722222222222222
