0 0.38125000000000003 0.5736111111111112 0.040625 0.07777777777777778
0 0.307421875 0.6236111111111111 0.03359375 0.0638888888888889
0 0.266796875 0.5972222222222222 0.03359375 0.07777777777777778
0 0.3375 0.40208333333333335 0.043750000000000004 0.07083333333333333
0 0.306640625 0.24305555555555555 0.025781250000000002 0.061111111111111116
0 0.33632812500000003 0.23333333333333334 0.02890625 0.06666666666666667
1 0.3328125 0.30694444444444446 0.046875 0.10277777777777779
1 0.36835937500000004 0.19583333333333333 0.03359375 0.06666666666666667
1 0.3359375 0.19930555555555557 0.035937500000000004 0.04861111111111111
1 0.31875000000000003 0.15208333333333335 0.035937500000000004 0.05416666666666667
15 0.37226562500000004 0.015277777777777779 0.06640625 0.02777777777777778
