0 0.380859375 0.4881944444444445 0.025781250000000002 0.051388888888888894
0 0.353125 0.4513888888888889 0.025 0.058333333333333334
0 0.32421875 0.5368055555555555 0.026562500000000003 0.059722222222222225
0 0.287890625 0.5041666666666667 0.025781250000000002 0.05
0 0.323828125 0.3041666666666667 0.025781250000000002 0.058333333333333334
0 0.35234375 0.2902777777777778 0.028125 0.05
1 0.307421875 0.25625000000000003 0.017968750000000002 0.029166666666666667
1 0.3640625 0.2534722222222222 0.037500000000000006 0.04861111111111111
1 0.34687500000000004 0.18055555555555555 0.034375 0.05555555555555556
1 0.33046875000000003 0.05902777777777778 0.029687500000000002 0.04027777777777778
1 0.35468750000000004 0.09375 0.0234375 0.034722222222222224
1 0.390234375 0.015972222222222224 0.02109375 0.029166666666666667
15 0.33046875000000003 0.1277777777777778 0.08125 0.016666666666666666
36 0.5359375000000001 0.8909722222222223 0.021875000000000002 0.029166666666666667
