0 0.540234375 0.46319444444444446 0.02421875 0.04861111111111111
0 0.559765625 0.41111111111111115 0.017968750000000002 0.058333333333333334
1 0.541015625 0.16736111111111113 0.017968750000000002 0.043055555555555555
1 0.5625 0.17777777777777778 0.0203125 0.03888888888888889
1 0.59296875 0.17083333333333334 0.015625 0.030555555555555558
15 0.6082031250000001 0.05763888888888889 0.08203125 0.015277777777777779
16 0.6605468750000001 0.15972222222222224 0.12734375 0.25833333333333336
1 0.507421875 0.35347222222222224 0.01640625 0.04027777777777778
1 0.56015625 0.3229166666666667 0.029687500000000002 0.04861111111111111
1 0.513671875 0.3145833333333333 0.02890625 0.04861111111111111
14 0.931640625 0.9583333333333334 0.00859375 0.019444444444444445
36 0.5339843750000001 0.8909722222222223 0.02421875 0.03194444444444445
