1 0.763671875 0.5284722222222222 0.057031250000000006 0.059722222222222225
1 0.78671875 0.576388888888889 0.060937500000000006 0.08055555555555556
1 0.796875 0.6347222222222223 0.034375 0.07222222222222223
1 0.813671875 0.69375 0.04453125 0.07083333333333333
1 0.8558593750000001 0.7263888888888889 0.02890625 0.05
1 0.844921875 0.7958333333333334 0.025781250000000002 0.0638888888888889
0 0.52734375 0.5319444444444444 0.051562500000000004 0.09166666666666667
0 0.544921875 0.5888888888888889 0.04453125 0.061111111111111116
0 0.5453125 0.6652777777777779 0.0671875 0.07222222222222223
0 0.72421875 0.5229166666666667 0.0578125 0.09305555555555556
0 0.731640625 0.5819444444444445 0.039843750000000004 0.06666666666666667
0 0.7464843750000001 0.6465277777777778 0.05390625 0.0763888888888889
