1 0.453125 0.4590277777777778 0.046875 0.07916666666666666
1 0.42226562500000003 0.46111111111111114 0.04296875 0.06666666666666667
1 0.39140625 0.4840277777777778 0.028125 0.0763888888888889
1 0.34296875000000004 0.4590277777777778 0.0578125 0.07916666666666666
1 0.455859375 0.3819444444444445 0.05078125 0.09722222222222222
1 0.42617187500000003 0.36319444444444443 0.057031250000000006 0.09861111111111112
1 0.54296875 0.3402777777777778 0.060937500000000006 0.10277777777777779
1 0.59140625 0.22222222222222224 0.060937500000000006 0.10833333333333334
1 0.6238281250000001 0.16805555555555557 0.05078125 0.08055555555555556
0 0.35078125000000004 0.51875 0.0546875 0.09583333333333334
0 0.45429687500000004 0.5180555555555556 0.055468750000000004 0.10833333333333334
0 0.20429687500000002 0.6326388888888889 0.04296875 0.05694444444444444
0 0.155078125 0.6868055555555556 0.049218750000000006 0.059722222222222225
0 0.20234375000000002 0.7076388888888889 0.060937500000000006 0.10694444444444445
