0 0.283984375 0.42847222222222225 0.049218750000000006 0.0625
0 0.26796875000000003 0.4076388888888889 0.05625 0.06805555555555556
0 0.23515625 0.32083333333333336 0.040625 0.0638888888888889
0 0.295703125 0.29097222222222224 0.04453125 0.059722222222222225
0 0.34101562500000004 0.2923611111111111 0.03828125 0.06805555555555556
0 0.3765625 0.29097222222222224 0.037500000000000006 0.08194444444444444
0 0.3671875 0.2076388888888889 0.043750000000000004 0.06527777777777778
0 0.41718750000000004 0.2138888888888889 0.043750000000000004 0.058333333333333334
0 0.43085937500000004 0.11319444444444444 0.041406250000000006 0.051388888888888894
0 0.36015625 0.11944444444444445 0.065625 0.06944444444444445
1 0.408203125 0.2965277777777778 0.049218750000000006 0.10138888888888889
1 0.45820312500000004 0.12083333333333333 0.032031250000000004 0.061111111111111116
14 0.933203125 0.9541666666666667 0.01171875 0.036111111111111115
3 0.466796875 0.8520833333333334 0.030468750000000003 0.04027777777777778
