1 0.716796875 0.49375 0.032031250000000004 0.04861111111111111
1 0.6980468750000001 0.4534722222222222 0.030468750000000003 0.04583333333333334
1 0.550390625 0.4701388888888889 0.02421875 0.04583333333333334
1 0.546875 0.42430555555555555 0.028125 0.04583333333333334
1 0.6839843750000001 0.4118055555555556 0.02421875 0.029166666666666667
1 0.6664062500000001 0.3805555555555556 0.026562500000000003 0.03333333333333333
1 0.66328125 0.33958333333333335 0.025 0.034722222222222224
1 0.6492187500000001 0.30625 0.0203125 0.0375
1 0.5789062500000001 0.2465277777777778 0.025 0.043055555555555555
1 0.612890625 0.26805555555555555 0.01640625 0.030555555555555558
15 0.62109375 0.07013888888888889 0.08125 0.020833333333333336
15 0.6429687500000001 0.14722222222222223 0.0671875 0.019444444444444445
