37 0.41171875 0.019444444444444445 0.037500000000000006 0.03888888888888889
37 0.345703125 0.27083333333333337 0.049218750000000006 0.08888888888888889
37 0.512890625 0.5194444444444445 0.047656250000000004 0.08055555555555556
1 0.459765625 0.18055555555555555 0.039843750000000004 0.058333333333333334
1 0.49257812500000003 0.22083333333333335 0.05078125 0.06666666666666667
1 0.48125 0.28194444444444444 0.0578125 0.09166666666666667
1 0.39687500000000003 0.4395833333333333 0.0421875 0.06527777777777778
1 0.3953125 0.5437500000000001 0.0484375 0.09027777777777778
0 0.427734375 0.7076388888888889 0.04453125 0.09305555555555556
0 0.421875 0.6395833333333334 0.0390625 0.0763888888888889
0 0.390234375 0.6666666666666667 0.041406250000000006 0.061111111111111116
0 0.46132812500000003 0.5701388888888889 0.06015625 0.12361111111111112
