0 0.6605468750000001 0.43472222222222223 0.030468750000000003 0.044444444444444446
0 0.657421875 0.3888888888888889 0.030468750000000003 0.044444444444444446
0 0.741796875 0.3458333333333333 0.039843750000000004 0.03888888888888889
0 0.7640625000000001 0.2923611111111111 0.0234375 0.04027777777777778
0 0.84296875 0.36597222222222225 0.028125 0.059722222222222225
0 0.88046875 0.3902777777777778 0.029687500000000002 0.0638888888888889
1 0.8539062500000001 0.48888888888888893 0.034375 0.05
15 0.9695312500000001 0.12708333333333333 0.053125000000000006 0.0125
15 0.9460937500000001 0.07916666666666666 0.0578125 0.016666666666666666
36 0.532421875 0.89375 0.02109375 0.03194444444444445
