0 0.24570312500000002 0.7979166666666667 0.049218750000000006 0.06805555555555556
0 0.16367187500000002 0.9590277777777778 0.02109375 0.03194444444444445
0 0.271484375 0.61875 0.049218750000000006 0.12083333333333333
0 0.233203125 0.53125 0.02734375 0.0375
0 0.262890625 0.46944444444444444 0.02890625 0.03333333333333333
0 0.31757812500000004 0.3805555555555556 0.041406250000000006 0.05555555555555556
1 0.244921875 0.3993055555555556 0.047656250000000004 0.07083333333333333
1 0.326171875 0.20902777777777778 0.02890625 0.043055555555555555
1 0.36054687500000004 0.22847222222222224 0.03359375 0.05694444444444444
1 0.479296875 0.21736111111111112 0.032031250000000004 0.059722222222222225
16 0.555078125 0.061111111111111116 0.09296875 0.11944444444444445
36 0.5359375000000001 0.8902777777777778 0.025 0.025
