15 0.499609375 0.22847222222222224 0.07734375 0.018055555555555557
1 0.5984375000000001 0.24791666666666667 0.0328125 0.05694444444444444
1 0.56171875 0.20208333333333334 0.018750000000000003 0.04583333333333334
1 0.596875 0.058333333333333334 0.018750000000000003 0.04166666666666667
1 0.55703125 0.09236111111111112 0.028125 0.04861111111111111
1 0.5593750000000001 0.04722222222222222 0.021875000000000002 0.04166666666666667
1 0.5296875 0.061111111111111116 0.0171875 0.03333333333333333
0 0.551171875 0.25972222222222224 0.017968750000000002 0.03333333333333333
0 0.571875 0.28611111111111115 0.021875000000000002 0.03888888888888889
36 0.5320312500000001 0.8916666666666667 0.0234375 0.04166666666666667
