0 0.38046875 0.7090277777777778 0.028125 0.07083333333333333
0 0.31562500000000004 0.6423611111111112 0.03125 0.059722222222222225
0 0.375 0.49930555555555556 0.0390625 0.059722222222222225
0 0.3453125 0.4673611111111111 0.018750000000000003 0.059722222222222225
0 0.30625 0.43819444444444444 0.040625 0.0763888888888889
0 0.2703125 0.39375 0.03125 0.059722222222222225
0 0.37890625 0.36944444444444446 0.0234375 0.058333333333333334
0 0.35390625000000003 0.36875 0.0234375 0.04027777777777778
0 0.35859375000000004 0.3159722222222222 0.026562500000000003 0.04027777777777778
15 0.3046875 0.16597222222222222 0.08125 0.018055555555555557
1 0.37734375000000003 0.24375000000000002 0.0234375 0.043055555555555555
1 0.342578125 0.26944444444444443 0.02109375 0.03333333333333333
1 0.39453125 0.20416666666666666 0.025 0.030555555555555558
1 0.37734375000000003 0.08819444444444445 0.025 0.034722222222222224
1 0.373046875 0.04027777777777778 0.02890625 0.030555555555555558
