1 0.638671875 0.32222222222222224 0.05078125 0.09722222222222222
1 0.610546875 0.3701388888888889 0.05234375 0.08750000000000001
1 0.583984375 0.3145833333333333 0.049218750000000006 0.07916666666666666
1 0.56796875 0.2652777777777778 0.046875 0.07222222222222223
1 0.534375 0.22430555555555556 0.051562500000000004 0.07361111111111111
1 0.49921875000000004 0.20416666666666666 0.045312500000000006 0.06944444444444445
1 0.534375 0.16805555555555557 0.043750000000000004 0.061111111111111116
1 0.516796875 0.12916666666666668 0.05078125 0.06944444444444445
1 0.47890625000000003 0.24444444444444446 0.059375000000000004 0.075
1 0.49843750000000003 0.3298611111111111 0.05625 0.07083333333333333
1 0.47695312500000003 0.4138888888888889 0.049218750000000006 0.075
0 0.4578125 0.45208333333333334 0.045312500000000006 0.09027777777777778
0 0.40351562500000004 0.49375 0.04296875 0.08472222222222223
0 0.36835937500000004 0.5208333333333334 0.04296875 0.09444444444444444
0 0.330078125 0.5006944444444444 0.04296875 0.08472222222222223
0 0.46328125000000003 0.28750000000000003 0.0484375 0.08055555555555556
0 0.45 0.2263888888888889 0.046875 0.07777777777777778
