0 0.6015625 0.6062500000000001 0.060937500000000006 0.12083333333333333
0 0.62421875 0.4979166666666667 0.037500000000000006 0.08750000000000001
0 0.587890625 0.4881944444444445 0.041406250000000006 0.08194444444444444
0 0.46992187500000004 0.5111111111111112 0.041406250000000006 0.05555555555555556
1 0.7562500000000001 0.3729166666666667 0.0421875 0.07083333333333333
1 0.6917968750000001 0.36388888888888893 0.047656250000000004 0.07222222222222223
1 0.6195312500000001 0.3826388888888889 0.037500000000000006 0.05416666666666667
1 0.6484375 0.42083333333333334 0.0546875 0.1
14 0.93359375 0.9555555555555556 0.0140625 0.03888888888888889
16 0.9339843750000001 0.1590277777777778 0.09609375 0.20416666666666666
