15 0.632421875 0.13680555555555557 0.08984375 0.034722222222222224
0 0.702734375 0.3680555555555556 0.049218750000000006 0.09444444444444444
1 0.7453125 0.33263888888888893 0.037500000000000006 0.07083333333333333
1 0.75390625 0.3090277777777778 0.043750000000000004 0.07083333333333333
1 0.6917968750000001 0.3090277777777778 0.05859375 0.07361111111111111
1 0.812109375 0.3527777777777778 0.057031250000000006 0.07222222222222223
1 0.775 0.2569444444444445 0.045312500000000006 0.08333333333333334
1 0.8035156250000001 0.19166666666666668 0.041406250000000006 0.07777777777777778
1 0.81796875 0.1388888888888889 0.046875 0.061111111111111116
1 0.8328125000000001 0.17222222222222222 0.040625 0.05277777777777778
1 0.8425781250000001 0.20069444444444445 0.032031250000000004 0.04027777777777778
1 0.853125 0.2548611111111111 0.034375 0.05694444444444444
1 0.882421875 0.23611111111111113 0.04453125 0.08055555555555556
0 0.6199218750000001 0.37777777777777777 0.049218750000000006 0.09166666666666667
0 0.6507812500000001 0.37777777777777777 0.0484375 0.1
0 0.6796875 0.5 0.0484375 0.09166666666666667
