0 0.412109375 0.6888888888888889 0.025781250000000002 0.04722222222222222
0 0.46953125 0.6458333333333334 0.0328125 0.07222222222222223
0 0.50234375 0.4444444444444445 0.0203125 0.05555555555555556
0 0.560546875 0.3548611111111111 0.030468750000000003 0.043055555555555555
0 0.5734375 0.3027777777777778 0.026562500000000003 0.044444444444444446
0 0.48671875000000003 0.2902777777777778 0.026562500000000003 0.05277777777777778
1 0.508984375 0.2833333333333333 0.022656250000000003 0.05277777777777778
1 0.550390625 0.29305555555555557 0.013281250000000001 0.03333333333333333
1 0.5808593750000001 0.2743055555555556 0.01953125 0.04583333333333334
1 0.58515625 0.14375000000000002 0.021875000000000002 0.0375
1 0.5730468750000001 0.10625 0.014843750000000001 0.029166666666666667
1 0.524609375 0.21458333333333335 0.02734375 0.04583333333333334
15 0.49648437500000003 0.07013888888888889 0.08203125 0.018055555555555557
