37 0.284765625 0.24166666666666667 0.047656250000000004 0.05277777777777778
1 0.34804687500000003 0.3576388888888889 0.05859375 0.0763888888888889
1 0.41171875 0.4527777777777778 0.051562500000000004 0.11111111111111112
1 0.42265625 0.3138888888888889 0.040625 0.058333333333333334
1 0.41328125000000004 0.26458333333333334 0.046875 0.051388888888888894
0 0.37539062500000003 0.44722222222222224 0.03828125 0.08611111111111111
0 0.33671875 0.45555555555555555 0.051562500000000004 0.08611111111111111
0 0.376953125 0.5458333333333334 0.06484375 0.11666666666666667
0 0.33046875000000003 0.6347222222222223 0.046875 0.1
0 0.33710937500000004 0.7201388888888889 0.04609375 0.10138888888888889
0 0.271484375 0.6541666666666667 0.07109375 0.10277777777777779
