37 0.34882812500000004 0.06041666666666667 0.04609375 0.05694444444444444
37 0.34609375000000003 0.34375 0.053125000000000006 0.07916666666666666
37 0.5828125000000001 0.48055555555555557 0.06406250000000001 0.08333333333333334
1 0.439453125 0.3923611111111111 0.03671875 0.0625
1 0.47890625000000003 0.4118055555555556 0.045312500000000006 0.0763888888888889
1 0.42578125 0.2826388888888889 0.046875 0.08472222222222223
1 0.448828125 0.23680555555555557 0.04453125 0.07916666666666666
1 0.48515625 0.20416666666666666 0.0484375 0.08055555555555556
0 0.436328125 0.5548611111111111 0.06171875 0.15694444444444444
0 0.39921875 0.4673611111111111 0.040625 0.08472222222222223
0 0.325 0.6659722222222223 0.043750000000000004 0.0763888888888889
0 0.34765625 0.7201388888888889 0.05625 0.10972222222222222
0 0.38906250000000003 0.7291666666666667 0.060937500000000006 0.12222222222222223
