1 0.581640625 0.3354166666666667 0.047656250000000004 0.07361111111111111
1 0.60703125 0.33263888888888893 0.0390625 0.0763888888888889
1 0.65390625 0.33194444444444443 0.0484375 0.09444444444444444
1 0.68125 0.3541666666666667 0.037500000000000006 0.075
1 0.726171875 0.18611111111111112 0.055468750000000004 0.09444444444444444
1 0.64453125 0.25833333333333336 0.05 0.08611111111111111
1 0.616796875 0.22916666666666669 0.039843750000000004 0.07777777777777778
1 0.5765625 0.19305555555555556 0.040625 0.075
1 0.550390625 0.23819444444444446 0.04609375 0.06527777777777778
1 0.610546875 0.15555555555555556 0.047656250000000004 0.08333333333333334
1 0.5875 0.12013888888888889 0.03125 0.051388888888888894
0 0.551953125 0.4388888888888889 0.05859375 0.08333333333333334
0 0.5125000000000001 0.42083333333333334 0.040625 0.08611111111111111
0 0.5265625 0.3125 0.040625 0.08611111111111111
0 0.544921875 0.25277777777777777 0.049218750000000006 0.075
0 0.425390625 0.4826388888888889 0.06796875000000001 0.09583333333333334
0 0.412890625 0.5576388888888889 0.04453125 0.09305555555555556
0 0.35468750000000004 0.6423611111111112 0.051562500000000004 0.07916666666666666
