0 0.594921875 0.6118055555555556 0.039843750000000004 0.05694444444444444
0 0.527734375 0.6666666666666667 0.03359375 0.05555555555555556
0 0.540234375 0.5826388888888889 0.02734375 0.05694444444444444
0 0.49726562500000004 0.607638888888889 0.03359375 0.05694444444444444
0 0.583203125 0.5520833333333334 0.02890625 0.043055555555555555
0 0.56796875 0.4465277777777778 0.046875 0.0763888888888889
1 0.48046875 0.45 0.026562500000000003 0.04722222222222222
1 0.607421875 0.41111111111111115 0.025781250000000002 0.04722222222222222
1 0.571484375 0.20694444444444446 0.017968750000000002 0.04166666666666667
1 0.6156250000000001 0.1951388888888889 0.029687500000000002 0.059722222222222225
1 0.54921875 0.18541666666666667 0.0203125 0.04583333333333334
14 0.9320312500000001 0.9520833333333334 0.010937500000000001 0.034722222222222224
16 0.7132812500000001 0.08888888888888889 0.1296875 0.17777777777777778
