0 0.380859375 0.35208333333333336 0.03359375 0.04583333333333334
0 0.3140625 0.43472222222222223 0.0390625 0.061111111111111116
0 0.251953125 0.46875 0.03359375 0.05416666666666667
0 0.216796875 0.4465277777777778 0.047656250000000004 0.0763888888888889
0 0.17539062500000002 0.4395833333333333 0.030468750000000003 0.043055555555555555
0 0.156640625 0.5527777777777778 0.04453125 0.05
0 0.10390625 0.6243055555555556 0.028125 0.04027777777777778
0 0.0765625 0.6763888888888889 0.029687500000000002 0.03888888888888889
0 0.128515625 0.7104166666666667 0.03828125 0.059722222222222225
1 0.23125 0.4041666666666667 0.0203125 0.044444444444444446
1 0.26992187500000003 0.40555555555555556 0.032031250000000004 0.04722222222222222
1 0.266796875 0.3513888888888889 0.041406250000000006 0.058333333333333334
1 0.377734375 0.3041666666666667 0.03359375 0.036111111111111115
1 0.46132812500000003 0.21597222222222223 0.02109375 0.04583333333333334
1 0.44453125000000004 0.18541666666666667 0.0203125 0.0375
