15 0.65625 0.15694444444444444 0.09062500000000001 0.030555555555555558
0 0.640625 0.5479166666666667 0.0625 0.10694444444444445
1 0.53125 0.4847222222222222 0.046875 0.08611111111111111
1 0.59765625 0.4902777777777778 0.0421875 0.08333333333333334
1 0.641796875 0.48680555555555555 0.032031250000000004 0.06805555555555556
1 0.6898437500000001 0.6604166666666667 0.05 0.08472222222222223
1 0.710546875 0.4395833333333333 0.05234375 0.09027777777777778
1 0.749609375 0.46111111111111114 0.032031250000000004 0.08888888888888889
1 0.7957031250000001 0.4388888888888889 0.03515625 0.1
1 0.837109375 0.41875 0.04296875 0.1125
1 0.751953125 0.35347222222222224 0.041406250000000006 0.07083333333333333
1 0.7289062500000001 0.30486111111111114 0.040625 0.06527777777777778
1 0.696484375 0.2916666666666667 0.03515625 0.075
0 0.641796875 0.6854166666666667 0.04609375 0.10694444444444445
0 0.56875 0.5923611111111111 0.0484375 0.09027777777777778
0 0.525 0.5645833333333333 0.045312500000000006 0.09305555555555556
0 0.7503906250000001 0.6097222222222223 0.03671875 0.075
0 0.84921875 0.49583333333333335 0.05625 0.12222222222222223
0 0.5953125 0.40625 0.059375000000000004 0.07916666666666666
