1 0.84140625 0.2763888888888889 0.059375000000000004 0.08611111111111111
1 0.911328125 0.22986111111111113 0.05390625 0.09861111111111112
1 0.955078125 0.1902777777777778 0.04296875 0.07222222222222223
1 0.9703125 0.11666666666666667 0.053125000000000006 0.07777777777777778
0 0.624609375 0.5395833333333333 0.06328125 0.09305555555555556
0 0.58125 0.48680555555555555 0.0546875 0.09027777777777778
0 0.641796875 0.45208333333333334 0.04609375 0.08472222222222223
0 0.66796875 0.3590277777777778 0.043750000000000004 0.06805555555555556
0 0.677734375 0.28125 0.03828125 0.0763888888888889
0 0.71640625 0.25972222222222224 0.0625 0.09166666666666667
0 0.7214843750000001 0.48958333333333337 0.07421875 0.09861111111111112
