0 0.428515625 0.7027777777777778 0.02890625 0.03888888888888889
0 0.432421875 0.7472222222222222 0.02734375 0.044444444444444446
0 0.42109375000000004 0.820138888888889 0.025 0.05694444444444444
0 0.323046875 0.8465277777777778 0.02421875 0.029166666666666667
0 0.567578125 0.63125 0.04453125 0.059722222222222225
0 0.564453125 0.5597222222222222 0.02734375 0.05277777777777778
1 0.5546875 0.5034722222222222 0.03125 0.051388888888888894
1 0.578125 0.46875 0.034375 0.051388888888888894
1 0.6488281250000001 0.38125000000000003 0.02890625 0.05694444444444444
1 0.6902343750000001 0.33472222222222225 0.022656250000000003 0.04166666666666667
1 0.7308593750000001 0.23611111111111113 0.03359375 0.04166666666666667
0 0.49062500000000003 0.59375 0.0578125 0.10416666666666667
