15 0.533203125 0.17430555555555557 0.08046875 0.018055555555555557
0 0.435546875 0.275 0.02109375 0.04722222222222222
0 0.41250000000000003 0.2986111111111111 0.015625 0.030555555555555558
0 0.386328125 0.3493055555555556 0.032031250000000004 0.05416666666666667
0 0.417578125 0.19583333333333333 0.025781250000000002 0.04166666666666667
0 0.32851562500000003 0.16527777777777777 0.025781250000000002 0.036111111111111115
0 0.2828125 0.10069444444444445 0.025 0.0375
1 0.34453125 0.019444444444444445 0.0171875 0.030555555555555558
1 0.32148437500000004 0.009722222222222222 0.01171875 0.016666666666666666
1 0.3140625 0.06736111111111111 0.018750000000000003 0.029166666666666667
1 0.307421875 0.12222222222222223 0.01640625 0.02777777777777778
1 0.3359375 0.13472222222222222 0.0171875 0.02777777777777778
1 0.385546875 0.15833333333333333 0.01640625 0.03333333333333333
1 0.42578125 0.13611111111111113 0.0203125 0.04166666666666667
1 0.4546875 0.1388888888888889 0.026562500000000003 0.05
3 0.427734375 0.8486111111111111 0.01953125 0.036111111111111115
2 0.46406250000000004 0.8506944444444445 0.0234375 0.04027777777777778
