0 0.291796875 0.7263888888888889 0.041406250000000006 0.05
0 0.40156250000000004 0.69375 0.0328125 0.051388888888888894
0 0.37148437500000003 0.6479166666666667 0.03671875 0.04861111111111111
0 0.49062500000000003 0.6430555555555556 0.0421875 0.0638888888888889
0 0.5640625 0.6055555555555556 0.035937500000000004 0.04722222222222222
0 0.5964843750000001 0.6430555555555556 0.030468750000000003 0.058333333333333334
0 0.69296875 0.6451388888888889 0.0328125 0.059722222222222225
1 0.7289062500000001 0.58125 0.0203125 0.05694444444444444
1 0.775390625 0.5194444444444445 0.03359375 0.06666666666666667
1 0.7308593750000001 0.49375 0.030468750000000003 0.051388888888888894
1 0.7019531250000001 0.43472222222222223 0.02109375 0.0638888888888889
1 0.5925781250000001 0.5548611111111111 0.022656250000000003 0.043055555555555555
15 0.628125 0.43680555555555556 0.060937500000000006 0.02638888888888889
