37 0.5144531250000001 0.5159722222222223 0.05078125 0.07083333333333333
37 0.33710937500000004 0.26180555555555557 0.04609375 0.08472222222222223
37 0.41015625 0.01875 0.046875 0.0375
1 0.50234375 0.42638888888888893 0.046875 0.075
1 0.459765625 0.39583333333333337 0.03828125 0.06944444444444445
1 0.480078125 0.29583333333333334 0.057031250000000006 0.07777777777777778
1 0.49062500000000003 0.21805555555555556 0.043750000000000004 0.07222222222222223
1 0.45937500000000003 0.20555555555555557 0.043750000000000004 0.08611111111111111
1 0.431640625 0.21319444444444446 0.055468750000000004 0.09027777777777778
0 0.390625 0.7125 0.0484375 0.125
0 0.43398437500000003 0.6034722222222223 0.06796875000000001 0.13194444444444445
0 0.41328125000000004 0.45416666666666666 0.051562500000000004 0.08611111111111111
0 0.537109375 0.3861111111111111 0.06171875 0.1
0 0.30390625000000004 0.8215277777777779 0.051562500000000004 0.09861111111111112
