1 0.7390625000000001 0.15694444444444444 0.046875 0.05
1 0.744140625 0.19375 0.041406250000000006 0.059722222222222225
1 0.765625 0.2263888888888889 0.0484375 0.09166666666666667
1 0.5574218750000001 0.1763888888888889 0.05859375 0.075
1 0.544921875 0.12361111111111112 0.05859375 0.07222222222222223
0 0.374609375 0.4305555555555556 0.05234375 0.1
0 0.43515625 0.35000000000000003 0.0578125 0.1
0 0.50390625 0.29791666666666666 0.0390625 0.0625
0 0.546484375 0.275 0.05078125 0.07222222222222223
0 0.511328125 0.2534722222222222 0.039843750000000004 0.07083333333333333
0 0.486328125 0.21319444444444446 0.03359375 0.059722222222222225
0 0.507421875 0.14930555555555555 0.03515625 0.05694444444444444
0 0.632421875 0.18958333333333335 0.07734375 0.09305555555555556
0 0.276953125 0.46597222222222223 0.06640625 0.09861111111111112
0 0.193359375 0.5340277777777778 0.06953125 0.10416666666666667
0 0.11992187500000001 0.6777777777777778 0.06171875 0.10555555555555556
