0 0.562890625 0.6006944444444444 0.06640625 0.08472222222222223
0 0.5027343750000001 0.7298611111111112 0.04453125 0.059722222222222225
0 0.4453125 0.7770833333333333 0.040625 0.09861111111111112
0 0.48085937500000003 0.80625 0.04453125 0.09583333333333334
1 0.47578125000000004 0.6583333333333333 0.0484375 0.07222222222222223
1 0.51484375 0.6229166666666667 0.0421875 0.08194444444444444
1 0.53671875 0.3263888888888889 0.034375 0.0638888888888889
1 0.509375 0.3027777777777778 0.034375 0.06666666666666667
1 0.5710937500000001 0.29444444444444445 0.043750000000000004 0.07222222222222223
14 0.9324218750000001 0.9493055555555556 0.01171875 0.034722222222222224
16 0.624609375 0.325 0.14453125 0.32222222222222224
15 0.369140625 0.2888888888888889 0.049218750000000006 0.03333333333333333
