13 0.6199218750000001 0.23055555555555557 0.12421875 0.2833333333333333
1 0.5046875000000001 0.21666666666666667 0.029687500000000002 0.03888888888888889
1 0.53515625 0.12291666666666667 0.029687500000000002 0.04027777777777778
1 0.5535156250000001 0.02361111111111111 0.02734375 0.036111111111111115
1 0.540625 0.3368055555555556 0.037500000000000006 0.07083333333333333
1 0.48281250000000003 0.43194444444444446 0.029687500000000002 0.03888888888888889
1 0.52265625 0.5215277777777778 0.0328125 0.043055555555555555
0 0.537109375 0.6006944444444444 0.039843750000000004 0.043055555555555555
0 0.5398437500000001 0.6451388888888889 0.035937500000000004 0.04861111111111111
0 0.538671875 0.8256944444444445 0.03359375 0.034722222222222224
