0 0.6136718750000001 0.6618055555555555 0.04609375 0.05416666666666667
0 0.551953125 0.6729166666666667 0.039843750000000004 0.0625
0 0.55234375 0.5958333333333333 0.040625 0.05555555555555556
0 0.5066406250000001 0.5916666666666667 0.049218750000000006 0.058333333333333334
0 0.719921875 0.36736111111111114 0.03515625 0.06527777777777778
1 0.6882812500000001 0.34652777777777777 0.021875000000000002 0.04583333333333334
1 0.7312500000000001 0.31180555555555556 0.021875000000000002 0.04583333333333334
1 0.704296875 0.28611111111111115 0.02109375 0.044444444444444446
3 0.429296875 0.8472222222222222 0.017968750000000002 0.036111111111111115
2 0.46328125000000003 0.8541666666666667 0.018750000000000003 0.036111111111111115
14 0.9324218750000001 0.9541666666666667 0.013281250000000001 0.02777777777777778
