0 0.661328125 0.5076388888888889 0.04609375 0.10972222222222222
0 0.7468750000000001 0.5180555555555556 0.05 0.1
0 0.5859375 0.5423611111111112 0.05625 0.09861111111111112
0 0.487890625 0.5736111111111112 0.07109375 0.10277777777777779
0 0.3796875 0.6326388888888889 0.0859375 0.12638888888888888
0 0.267578125 0.6680555555555556 0.08515625 0.09722222222222222
0 0.176171875 0.7263888888888889 0.06015625 0.08888888888888889
0 0.34609375000000003 0.08680555555555555 0.0546875 0.09583333333333334
0 0.3921875 0.03680555555555556 0.0546875 0.05694444444444444
0 0.29296875 0.15416666666666667 0.05 0.08888888888888889
