14 0.9328125 0.951388888888889 0.0140625 0.03333333333333333
0 0.551953125 0.42083333333333334 0.03359375 0.0638888888888889
0 0.5847656250000001 0.3902777777777778 0.03359375 0.06944444444444445
0 0.6527343750000001 0.28194444444444444 0.04296875 0.075
0 0.59375 0.29097222222222224 0.0390625 0.08472222222222223
0 0.56015625 0.2743055555555556 0.03125 0.06805555555555556
0 0.53671875 0.2465277777777778 0.0328125 0.06805555555555556
0 0.4765625 0.3791666666666667 0.034375 0.05
15 0.50546875 0.32222222222222224 0.084375 0.01388888888888889
15 0.573828125 0.015972222222222224 0.06015625 0.020833333333333336
16 0.70703125 0.09027777777777778 0.12187500000000001 0.18055555555555555
