1 0.6980468750000001 0.3576388888888889 0.049218750000000006 0.08750000000000001
1 0.676953125 0.31180555555555556 0.049218750000000006 0.07916666666666666
1 0.658203125 0.17152777777777778 0.05234375 0.08750000000000001
0 0.37617187500000004 0.6625 0.06171875 0.11944444444444445
0 0.45156250000000003 0.6097222222222223 0.084375 0.1277777777777778
0 0.546875 0.46944444444444444 0.046875 0.09722222222222222
0 0.5921875 0.4166666666666667 0.053125000000000006 0.08888888888888889
0 0.6585937500000001 0.3666666666666667 0.060937500000000006 0.10277777777777779
0 0.294140625 0.75625 0.08359375000000001 0.10138888888888889
0 0.18984375 0.8305555555555556 0.07500000000000001 0.06666666666666667
