0 0.6160156250000001 0.6597222222222222 0.04609375 0.08333333333333334
0 0.56640625 0.6583333333333333 0.0484375 0.08888888888888889
0 0.5390625 0.5902777777777778 0.040625 0.05555555555555556
0 0.527734375 0.5361111111111111 0.04609375 0.05
0 0.482421875 0.5444444444444445 0.03671875 0.061111111111111116
0 0.487109375 0.47361111111111115 0.05078125 0.061111111111111116
0 0.5859375 0.5166666666666667 0.059375000000000004 0.10555555555555556
0 0.6722656250000001 0.4847222222222222 0.04609375 0.058333333333333334
0 0.634375 0.4513888888888889 0.0390625 0.08611111111111111
0 0.615234375 0.4027777777777778 0.03359375 0.08611111111111111
0 0.6238281250000001 0.3479166666666667 0.032031250000000004 0.05416666666666667
1 0.689453125 0.44027777777777777 0.04453125 0.07777777777777778
1 0.65234375 0.38819444444444445 0.0234375 0.04583333333333334
1 0.65390625 0.3527777777777778 0.029687500000000002 0.05277777777777778
14 0.9343750000000001 0.9534722222222223 0.0171875 0.034722222222222224
