3 0.39687500000000003 0.851388888888889 0.028125 0.036111111111111115
2 0.43007812500000003 0.8548611111111112 0.02109375 0.02638888888888889
2 0.4609375 0.8506944444444445 0.015625 0.034722222222222224
0 0.4703125 0.6229166666666667 0.0390625 0.05694444444444444
0 0.51484375 0.6083333333333334 0.045312500000000006 0.06666666666666667
0 0.515625 0.6895833333333333 0.046875 0.0625
0 0.6359375 0.5631944444444444 0.034375 0.07361111111111111
0 0.649609375 0.4013888888888889 0.03671875 0.058333333333333334
0 0.67734375 0.34097222222222223 0.028125 0.051388888888888894
0 0.6976562500000001 0.3819444444444445 0.03125 0.05555555555555556
1 0.6042968750000001 0.5319444444444444 0.030468750000000003 0.06944444444444445
1 0.6664062500000001 0.48888888888888893 0.029687500000000002 0.058333333333333334
1 0.7210937500000001 0.41111111111111115 0.03125 0.05
1 0.7269531250000001 0.34444444444444444 0.022656250000000003 0.044444444444444446
1 0.7019531250000001 0.32222222222222224 0.017968750000000002 0.036111111111111115
1 0.724609375 0.24027777777777778 0.02734375 0.036111111111111115
1 0.7425781250000001 0.19166666666666668 0.03828125 0.05277777777777778
1 0.782421875 0.1736111111111111 0.02734375 0.05277777777777778
