15 0.41015625 0.3854166666666667 0.0859375 0.015277777777777779
15 0.4265625 0.22222222222222224 0.0859375 0.022222222222222223
14 0.9320312500000001 0.9520833333333334 0.0140625 0.0375
0 0.32070312500000003 0.6666666666666667 0.07265625 0.1388888888888889
1 0.523046875 0.5006944444444444 0.06171875 0.10972222222222222
1 0.50625 0.45208333333333334 0.043750000000000004 0.08472222222222223
1 0.4625 0.5034722222222222 0.06406250000000001 0.10694444444444445
0 0.48359375000000004 0.7006944444444445 0.06406250000000001 0.09027777777777778
0 0.42500000000000004 0.7937500000000001 0.0671875 0.08194444444444444
0 0.42812500000000003 0.5833333333333334 0.053125000000000006 0.09444444444444444
