1 0.5496093750000001 0.38125000000000003 0.04296875 0.0625
1 0.607421875 0.31736111111111115 0.02890625 0.04583333333333334
1 0.6453125000000001 0.22361111111111112 0.026562500000000003 0.03888888888888889
1 0.7132812500000001 0.1590277777777778 0.025 0.04027777777777778
0 0.423828125 0.47361111111111115 0.025781250000000002 0.03888888888888889
0 0.29140625000000003 0.5201388888888889 0.035937500000000004 0.04027777777777778
0 0.3296875 0.45972222222222225 0.026562500000000003 0.04166666666666667
0 0.32851562500000003 0.4222222222222222 0.017968750000000002 0.01388888888888889
2 0.394140625 0.8493055555555555 0.01640625 0.034722222222222224
2 0.427734375 0.85 0.013281250000000001 0.04166666666666667
2 0.46328125000000003 0.85 0.0171875 0.036111111111111115
36 0.53125 0.8902777777777778 0.0234375 0.03888888888888889
