0 0.205859375 0.5298611111111111 0.041406250000000006 0.09305555555555556
0 0.16875 0.48680555555555555 0.040625 0.08194444444444444
0 0.14570312500000002 0.7159722222222222 0.049218750000000006 0.08472222222222223
0 0.10234375000000001 0.68125 0.040625 0.07361111111111111
0 0.10117187500000001 0.6256944444444444 0.04296875 0.06527777777777778
0 0.20234375000000002 0.40347222222222223 0.0390625 0.06805555555555556
1 0.3453125 0.28541666666666665 0.045312500000000006 0.06527777777777778
1 0.33437500000000003 0.22777777777777777 0.0328125 0.05
1 0.30117187500000003 0.2138888888888889 0.04453125 0.06666666666666667
14 0.9328125 0.9534722222222223 0.0140625 0.03194444444444445
