15 0.55 0.1277777777777778 0.08281250000000001 0.022222222222222223
36 0.53046875 0.8875000000000001 0.028125 0.04166666666666667
1 0.44062500000000004 0.6118055555555556 0.051562500000000004 0.10694444444444445
1 0.40390625 0.5354166666666667 0.040625 0.06805555555555556
0 0.3765625 0.5868055555555556 0.05 0.09027777777777778
0 0.3453125 0.5458333333333334 0.0421875 0.06944444444444445
0 0.34687500000000004 0.5180555555555556 0.0484375 0.0638888888888889
0 0.29726562500000003 0.5777777777777778 0.06171875 0.075
0 0.229296875 0.5076388888888889 0.06171875 0.08750000000000001
0 0.1765625 0.6013888888888889 0.060937500000000006 0.058333333333333334
