1 0.586328125 0.22361111111111112 0.05078125 0.08611111111111111
1 0.568359375 0.18611111111111112 0.055468750000000004 0.08333333333333334
1 0.55390625 0.14097222222222222 0.05625 0.0763888888888889
1 0.45937500000000003 0.28194444444444444 0.059375000000000004 0.075
1 0.48281250000000003 0.32430555555555557 0.0578125 0.10694444444444445
1 0.36835937500000004 0.3791666666666667 0.055468750000000004 0.08333333333333334
0 0.44453125000000004 0.26875 0.0546875 0.10138888888888889
0 0.44179687500000003 0.3666666666666667 0.06328125 0.1
0 0.415625 0.37222222222222223 0.05 0.09444444444444444
0 0.40546875000000004 0.43472222222222223 0.0671875 0.09722222222222222
0 0.32656250000000003 0.5611111111111111 0.0234375 0.09166666666666667
0 0.34921875 0.5520833333333334 0.035937500000000004 0.09027777777777778
0 0.376953125 0.5347222222222222 0.03671875 0.10833333333333334
0 0.40703125 0.55 0.037500000000000006 0.09722222222222222
