16 0.7117187500000001 0.11111111111111112 0.11093750000000001 0.20277777777777778
15 0.521875 0.0625 0.078125 0.01388888888888889
0 0.55859375 0.2465277777777778 0.021875000000000002 0.0375
0 0.55078125 0.30069444444444443 0.025 0.043055555555555555
0 0.548046875 0.3576388888888889 0.02890625 0.04027777777777778
0 0.555078125 0.41458333333333336 0.01953125 0.0375
0 0.562890625 0.4777777777777778 0.01953125 0.04722222222222222
0 0.590234375 0.4673611111111111 0.022656250000000003 0.04861111111111111
0 0.630859375 0.45763888888888893 0.02890625 0.04861111111111111
0 0.48476562500000003 0.4701388888888889 0.025781250000000002 0.04027777777777778
0 0.49335937500000004 0.13541666666666669 0.01953125 0.020833333333333336
14 0.933203125 0.9506944444444445 0.013281250000000001 0.029166666666666667
