0 0.319140625 0.40972222222222227 0.02890625 0.05277777777777778
0 0.31015625 0.35625 0.025 0.034722222222222224
0 0.32656250000000003 0.3180555555555556 0.0328125 0.04166666666666667
0 0.225390625 0.3284722222222222 0.05859375 0.07361111111111111
1 0.1421875 0.3715277777777778 0.037500000000000006 0.04861111111111111
1 0.129296875 0.425 0.032031250000000004 0.04722222222222222
1 0.19765625 0.18055555555555555 0.0328125 0.04722222222222222
1 0.2015625 0.14583333333333334 0.025 0.03888888888888889
1 0.25429687500000003 0.14305555555555557 0.02890625 0.036111111111111115
1 0.30859375 0.25972222222222224 0.03125 0.05277777777777778
1 0.46601562500000004 0.21805555555555556 0.049218750000000006 0.08611111111111111
1 0.5144531250000001 0.12083333333333333 0.025781250000000002 0.036111111111111115
1 0.476171875 0.1590277777777778 0.022656250000000003 0.0375
1 0.444140625 0.13125 0.02421875 0.034722222222222224
3 0.42812500000000003 0.85 0.0171875 0.03333333333333333
2 0.46171875 0.8527777777777779 0.0140625 0.030555555555555558
