1 0.556640625 0.7854166666666667 0.03515625 0.043055555555555555
1 0.615234375 0.7208333333333333 0.02734375 0.05
1 0.630859375 0.6534722222222222 0.02890625 0.04861111111111111
1 0.5984375000000001 0.5965277777777778 0.0234375 0.04583333333333334
1 0.55 0.5715277777777777 0.0328125 0.059722222222222225
1 0.521484375 0.5027777777777778 0.02734375 0.04722222222222222
1 0.547265625 0.6527777777777778 0.02734375 0.05
1 0.703125 0.6159722222222223 0.026562500000000003 0.059722222222222225
1 0.650390625 0.545138888888889 0.030468750000000003 0.051388888888888894
1 0.71796875 0.4375 0.0578125 0.08333333333333334
1 0.7878906250000001 0.36458333333333337 0.03671875 0.05694444444444444
1 0.8140625 0.29930555555555555 0.0328125 0.051388888888888894
0 0.31093750000000003 0.7388888888888889 0.035937500000000004 0.04722222222222222
0 0.38710937500000003 0.701388888888889 0.06015625 0.08611111111111111
0 0.338671875 0.6534722222222222 0.03359375 0.07361111111111111
0 0.32343750000000004 0.6 0.035937500000000004 0.044444444444444446
0 0.48085937500000003 0.6111111111111112 0.03359375 0.0638888888888889
0 0.554296875 0.7256944444444444 0.032031250000000004 0.034722222222222224
