15 0.7292968750000001 0.034722222222222224 0.08515625 0.022222222222222223
14 0.9324218750000001 0.9500000000000001 0.013281250000000001 0.036111111111111115
1 0.58359375 0.5347222222222222 0.05 0.08888888888888889
1 0.5796875 0.4618055555555556 0.034375 0.06527777777777778
1 0.5300781250000001 0.45625000000000004 0.03828125 0.07083333333333333
1 0.6761718750000001 0.3729166666666667 0.04453125 0.08472222222222223
1 0.691015625 0.28611111111111115 0.04609375 0.09166666666666667
1 0.7484375000000001 0.21180555555555555 0.051562500000000004 0.0625
0 0.378515625 0.6236111111111111 0.05859375 0.08611111111111111
0 0.39882812500000003 0.6881944444444444 0.06328125 0.08750000000000001
0 0.405859375 0.757638888888889 0.05390625 0.07083333333333333
0 0.555078125 0.6284722222222222 0.06328125 0.10972222222222222
0 0.53671875 0.5194444444444445 0.05 0.08888888888888889
0 0.508984375 0.4965277777777778 0.04453125 0.08472222222222223
