0 0.290625 0.47847222222222224 0.040625 0.08472222222222223
0 0.24453125 0.5194444444444445 0.040625 0.061111111111111116
0 0.21054687500000002 0.5229166666666667 0.049218750000000006 0.07361111111111111
0 0.177734375 0.4840277777777778 0.03828125 0.051388888888888894
0 0.191796875 0.40555555555555556 0.047656250000000004 0.05277777777777778
0 0.10312500000000001 0.6875 0.0484375 0.0638888888888889
0 0.070703125 0.6993055555555556 0.041406250000000006 0.06805555555555556
0 0.041406250000000006 0.775 0.051562500000000004 0.061111111111111116
1 0.23984375000000002 0.4375 0.053125000000000006 0.06944444444444445
1 0.23554687500000002 0.3888888888888889 0.04296875 0.058333333333333334
1 0.342578125 0.2833333333333333 0.049218750000000006 0.06666666666666667
1 0.330859375 0.23125 0.03671875 0.04861111111111111
1 0.298046875 0.21319444444444446 0.047656250000000004 0.06527777777777778
14 0.9339843750000001 0.95625 0.013281250000000001 0.03194444444444445
