15 0.6296875000000001 0.46111111111111114 0.08281250000000001 0.030555555555555558
15 0.7265625 0.325 0.0859375 0.025
1 0.6941406250000001 0.6805555555555556 0.05859375 0.1
1 0.7125 0.6215277777777778 0.037500000000000006 0.06805555555555556
1 0.7410156250000001 0.7298611111111112 0.03359375 0.059722222222222225
1 0.7734375 0.6826388888888889 0.0171875 0.06527777777777778
1 0.6097656250000001 0.7319444444444445 0.06328125 0.08611111111111111
1 0.6160156250000001 0.6666666666666667 0.05859375 0.075
1 0.5574218750000001 0.6708333333333334 0.05859375 0.08611111111111111
0 0.571484375 0.5902777777777778 0.06796875000000001 0.09722222222222222
0 0.548828125 0.7152777777777778 0.055468750000000004 0.075
0 0.6253906250000001 0.7993055555555556 0.06171875 0.0763888888888889
0 0.325 0.7770833333333333 0.07187500000000001 0.06527777777777778
