0 0.487890625 0.7402777777777778 0.039843750000000004 0.061111111111111116
0 0.52109375 0.7923611111111112 0.040625 0.059722222222222225
0 0.553125 0.7993055555555556 0.034375 0.0763888888888889
0 0.597265625 0.8340277777777778 0.039843750000000004 0.04583333333333334
1 0.6671875 0.55 0.0390625 0.06944444444444445
1 0.6328125 0.5104166666666667 0.040625 0.05416666666666667
1 0.721875 0.23333333333333334 0.037500000000000006 0.0638888888888889
1 0.733984375 0.11458333333333334 0.03828125 0.06527777777777778
14 0.9324218750000001 0.9555555555555556 0.013281250000000001 0.02777777777777778
36 0.532421875 0.8916666666666667 0.02109375 0.04722222222222222
