15 0.5515625000000001 0.09583333333333334 0.0890625 0.025
36 0.536328125 0.8958333333333334 0.022656250000000003 0.02777777777777778
1 0.4390625 0.5854166666666667 0.0484375 0.10138888888888889
1 0.44375000000000003 0.5354166666666667 0.053125000000000006 0.10138888888888889
1 0.487109375 0.3826388888888889 0.06484375 0.09861111111111112
1 0.6136718750000001 0.3819444444444445 0.05390625 0.08333333333333334
1 0.5906250000000001 0.3104166666666667 0.043750000000000004 0.07361111111111111
1 0.571484375 0.2604166666666667 0.04296875 0.051388888888888894
0 0.4546875 0.6451388888888889 0.051562500000000004 0.10416666666666667
0 0.401171875 0.6111111111111112 0.04609375 0.09166666666666667
0 0.400390625 0.5444444444444445 0.04609375 0.09444444444444444
0 0.542578125 0.35208333333333336 0.06484375 0.10138888888888889
