1 0.7347656250000001 0.5041666666666667 0.05859375 0.11111111111111112
1 0.8 0.3791666666666667 0.0421875 0.07222222222222223
1 0.8406250000000001 0.39375 0.0578125 0.08750000000000001
1 0.8890625000000001 0.36597222222222225 0.0671875 0.1125
1 0.80390625 0.29791666666666666 0.0625 0.08194444444444444
1 0.7578125 0.25972222222222224 0.06875 0.09444444444444444
1 0.7109375 0.24930555555555556 0.065625 0.08194444444444444
1 0.8855468750000001 0.19861111111111113 0.07265625 0.06944444444444445
0 0.597265625 0.5958333333333333 0.03828125 0.11111111111111112
0 0.65234375 0.6243055555555556 0.046875 0.09027777777777778
0 0.642578125 0.4173611111111111 0.055468750000000004 0.10138888888888889
