0 0.42578125 0.28055555555555556 0.0203125 0.036111111111111115
0 0.3921875 0.31875000000000003 0.021875000000000002 0.04583333333333334
0 0.495703125 0.19861111111111113 0.017968750000000002 0.03888888888888889
0 0.44570312500000003 0.19652777777777777 0.02421875 0.04583333333333334
0 0.415625 0.17916666666666667 0.021875000000000002 0.03888888888888889
0 0.397265625 0.15555555555555556 0.014843750000000001 0.03333333333333333
0 0.32343750000000004 0.27569444444444446 0.025 0.04027777777777778
0 0.390625 0.03888888888888889 0.0203125 0.030555555555555558
15 0.366015625 0.10902777777777778 0.07109375 0.015277777777777779
16 0.550390625 0.036111111111111115 0.06484375 0.07222222222222223
14 0.933203125 0.9527777777777778 0.014843750000000001 0.036111111111111115
36 0.533203125 0.8895833333333334 0.025781250000000002 0.034722222222222224
