0 0.264453125 0.5215277777777778 0.03359375 0.05416666666666667
0 0.220703125 0.4840277777777778 0.032031250000000004 0.0625
0 0.276171875 0.4451388888888889 0.03359375 0.059722222222222225
0 0.34609375000000003 0.39583333333333337 0.028125 0.05277777777777778
0 0.35859375000000004 0.3576388888888889 0.0234375 0.043055555555555555
0 0.237109375 0.29444444444444445 0.047656250000000004 0.075
0 0.307421875 0.2729166666666667 0.02421875 0.051388888888888894
0 0.331640625 0.23611111111111113 0.022656250000000003 0.0638888888888889
1 0.365234375 0.2076388888888889 0.047656250000000004 0.08194444444444444
1 0.421484375 0.2701388888888889 0.02890625 0.0625
1 0.443359375 0.21736111111111112 0.032031250000000004 0.04861111111111111
1 0.27890625 0.21805555555555556 0.025 0.06666666666666667
14 0.9328125 0.951388888888889 0.0140625 0.036111111111111115
