15 0.40351562500000004 0.40972222222222227 0.08203125 0.016666666666666666
15 0.424609375 0.4527777777777778 0.08671875000000001 0.022222222222222223
1 0.49531250000000004 0.5604166666666667 0.0328125 0.07083333333333333
1 0.5066406250000001 0.4979166666666667 0.041406250000000006 0.06805555555555556
1 0.5015625 0.4479166666666667 0.051562500000000004 0.0763888888888889
1 0.3515625 0.5493055555555556 0.05625 0.09027777777777778
1 0.265234375 0.5444444444444445 0.05859375 0.08888888888888889
1 0.205078125 0.5597222222222222 0.05859375 0.05555555555555556
1 0.19921875 0.6215277777777778 0.053125000000000006 0.07361111111111111
0 0.16718750000000002 0.6520833333333333 0.0203125 0.0763888888888889
0 0.11484375000000001 0.6979166666666667 0.0625 0.09027777777777778
0 0.164453125 0.5715277777777777 0.05390625 0.09305555555555556
0 0.29296875 0.5444444444444445 0.043750000000000004 0.06666666666666667
