0 0.3140625 0.7416666666666667 0.029687500000000002 0.07222222222222223
0 0.394140625 0.7048611111111112 0.04609375 0.09861111111111112
0 0.345703125 0.6555555555555556 0.030468750000000003 0.058333333333333334
0 0.32539062500000004 0.6 0.025781250000000002 0.04722222222222222
0 0.47695312500000003 0.6118055555555556 0.03359375 0.05694444444444444
0 0.51328125 0.56875 0.0328125 0.0625
1 0.560546875 0.7909722222222223 0.032031250000000004 0.04861111111111111
1 0.61875 0.76875 0.040625 0.06805555555555556
1 0.6109375 0.7090277777777778 0.03125 0.04583333333333334
1 0.6316406250000001 0.6493055555555556 0.032031250000000004 0.04583333333333334
1 0.6003906250000001 0.6027777777777777 0.02421875 0.04722222222222222
1 0.6121093750000001 0.5131944444444445 0.05859375 0.08194444444444444
1 0.54296875 0.45763888888888893 0.0234375 0.04027777777777778
1 0.552734375 0.5625 0.03828125 0.06666666666666667
1 0.751171875 0.5145833333333334 0.04296875 0.0763888888888889
1 0.72578125 0.3861111111111111 0.026562500000000003 0.030555555555555558
1 0.7898437500000001 0.3479166666666667 0.025 0.04583333333333334
