1 0.534765625 0.576388888888889 0.032031250000000004 0.061111111111111116
1 0.5730468750000001 0.5923611111111111 0.02421875 0.05694444444444444
1 0.5945312500000001 0.6618055555555555 0.03125 0.05694444444444444
1 0.362890625 0.7430555555555556 0.03515625 0.0638888888888889
0 0.08164062500000001 0.8548611111111112 0.02734375 0.051388888888888894
0 0.11601562500000001 0.8562500000000001 0.022656250000000003 0.04861111111111111
0 0.15000000000000002 0.8930555555555556 0.029687500000000002 0.058333333333333334
0 0.31171875000000004 0.7361111111111112 0.045312500000000006 0.07222222222222223
0 0.31015625 0.6416666666666667 0.035937500000000004 0.058333333333333334
0 0.37031250000000004 0.6694444444444445 0.0328125 0.061111111111111116
0 0.44960937500000003 0.6208333333333333 0.02890625 0.05277777777777778
