0 0.19375 0.5923611111111111 0.0484375 0.06527777777777778
0 0.27382812500000003 0.4826388888888889 0.05234375 0.0763888888888889
0 0.343359375 0.4027777777777778 0.04609375 0.075
0 0.41054687500000003 0.3902777777777778 0.05859375 0.09444444444444444
0 0.5378906250000001 0.30972222222222223 0.047656250000000004 0.04722222222222222
1 0.55703125 0.34305555555555556 0.034375 0.06944444444444445
1 0.574609375 0.30972222222222223 0.041406250000000006 0.08055555555555556
1 0.52890625 0.225 0.040625 0.061111111111111116
1 0.61328125 0.19861111111111113 0.0546875 0.09166666666666667
1 0.653515625 0.1423611111111111 0.04453125 0.06527777777777778
1 0.6820312500000001 0.17291666666666666 0.0390625 0.07083333333333333
1 0.71484375 0.14930555555555555 0.045312500000000006 0.051388888888888894
14 0.9320312500000001 0.951388888888889 0.0140625 0.02777777777777778
