0 0.4421875 0.37986111111111115 0.0421875 0.06527777777777778
0 0.408984375 0.3493055555555556 0.03671875 0.059722222222222225
0 0.29921875000000003 0.4625 0.0328125 0.05277777777777778
0 0.318359375 0.4416666666666667 0.032031250000000004 0.05555555555555556
0 0.288671875 0.4236111111111111 0.03359375 0.05
1 0.478125 0.4083333333333333 0.0421875 0.07777777777777778
1 0.59609375 0.3701388888888889 0.043750000000000004 0.06527777777777778
1 0.59765625 0.32569444444444445 0.040625 0.05694444444444444
1 0.6359375 0.3201388888888889 0.0484375 0.0625
16 0.67890625 0.12152777777777778 0.10312500000000001 0.20416666666666666
15 0.45625000000000004 0.20833333333333334 0.06406250000000001 0.03333333333333333
15 0.755078125 0.3138888888888889 0.05390625 0.02777777777777778
