0 0.37226562500000004 0.6416666666666667 0.039843750000000004 0.058333333333333334
0 0.34140625 0.6 0.0421875 0.06666666666666667
0 0.30781250000000004 0.5826388888888889 0.0421875 0.06805555555555556
1 0.5859375 0.5347222222222222 0.0421875 0.058333333333333334
1 0.5574218750000001 0.5902777777777778 0.05234375 0.05555555555555556
1 0.5652343750000001 0.6569444444444444 0.055468750000000004 0.06944444444444445
1 0.42734375 0.6159722222222223 0.046875 0.07916666666666666
1 0.39882812500000003 0.6319444444444444 0.04296875 0.06944444444444445
1 0.373046875 0.5715277777777777 0.04453125 0.06805555555555556
1 0.45820312500000004 0.5673611111111111 0.07734375 0.09861111111111112
14 0.933203125 0.9520833333333334 0.014843750000000001 0.029166666666666667
16 0.6742187500000001 0.2847222222222222 0.15625 0.34444444444444444
15 0.45390625 0.37777777777777777 0.0703125 0.025
