0 0.5378906250000001 0.40208333333333335 0.039843750000000004 0.05694444444444444
0 0.494921875 0.41250000000000003 0.03671875 0.05277777777777778
0 0.51015625 0.6354166666666667 0.035937500000000004 0.06527777777777778
0 0.49726562500000004 0.7083333333333334 0.04296875 0.075
0 0.45820312500000004 0.6951388888888889 0.03671875 0.06527777777777778
1 0.517578125 0.35555555555555557 0.047656250000000004 0.0638888888888889
1 0.527734375 0.23055555555555557 0.047656250000000004 0.08055555555555556
1 0.543359375 0.12916666666666668 0.04453125 0.07222222222222223
16 0.60859375 0.17500000000000002 0.1203125 0.3
14 0.9324218750000001 0.9500000000000001 0.013281250000000001 0.030555555555555558
