0 0.037500000000000006 0.9541666666666667 0.05625 0.06944444444444445
0 0.04453125 0.8965277777777778 0.046875 0.07083333333333333
1 0.28671875 0.6993055555555556 0.059375000000000004 0.06805555555555556
1 0.302734375 0.7604166666666667 0.05234375 0.06527777777777778
1 0.295703125 0.8395833333333333 0.03828125 0.04583333333333334
1 0.1625 0.8736111111111111 0.0625 0.08611111111111111
1 0.078125 0.9527777777777778 0.05 0.06666666666666667
1 0.10898437500000001 0.8916666666666667 0.05390625 0.075
14 0.93359375 0.9548611111111112 0.018750000000000003 0.02638888888888889
15 0.49921875000000004 0.04861111111111111 0.059375000000000004 0.03888888888888889
