15 0.512109375 0.29305555555555557 0.08671875000000001 0.019444444444444445
15 0.412890625 0.36319444444444443 0.08203125 0.02361111111111111
0 0.36445312500000004 0.6062500000000001 0.04453125 0.10416666666666667
1 0.6898437500000001 0.4083333333333333 0.0765625 0.13611111111111113
1 0.6195312500000001 0.4416666666666667 0.06875 0.09722222222222222
1 0.565625 0.4798611111111111 0.060937500000000006 0.10138888888888889
1 0.466796875 0.5638888888888889 0.06484375 0.09722222222222222
1 0.743359375 0.3145833333333333 0.07109375 0.09861111111111112
1 0.790234375 0.2576388888888889 0.05078125 0.08472222222222223
1 0.8328125000000001 0.19236111111111112 0.07500000000000001 0.09305555555555556
0 0.33906250000000004 0.6888888888888889 0.045312500000000006 0.075
0 0.38906250000000003 0.6902777777777778 0.0484375 0.08611111111111111
0 0.40664062500000003 0.5569444444444445 0.05078125 0.1
0 0.21171875 0.6284722222222222 0.06875 0.0625
0 0.21875 0.7173611111111111 0.0578125 0.08194444444444444
0 0.18281250000000002 0.74375 0.0546875 0.09027777777777778
