13 0.590234375 0.09583333333333334 0.12578125 0.17500000000000002
15 0.54296875 0.11041666666666668 0.07500000000000001 0.018055555555555557
15 0.61328125 0.17500000000000002 0.084375 0.022222222222222223
0 0.56015625 0.3125 0.040625 0.07222222222222223
0 0.505859375 0.41805555555555557 0.02109375 0.04166666666666667
0 0.48125 0.5076388888888889 0.0328125 0.051388888888888894
0 0.521875 0.4902777777777778 0.025 0.0638888888888889
0 0.55625 0.5090277777777777 0.026562500000000003 0.059722222222222225
0 0.5085937500000001 0.26319444444444445 0.029687500000000002 0.04583333333333334
0 0.540234375 0.2659722222222222 0.030468750000000003 0.043055555555555555
0 0.516015625 0.20902777777777778 0.02421875 0.04861111111111111
