24 0.616796875 0.225 0.17578125 0.26666666666666666
16 0.40859375000000003 0.23680555555555557 0.09375 0.2652777777777778
16 0.574609375 0.4951388888888889 0.12734375 0.30972222222222223
36 0.535546875 0.89375 0.025781250000000002 0.03194444444444445
1 0.48164062500000004 0.5 0.06015625 0.09444444444444444
1 0.49257812500000003 0.4076388888888889 0.04453125 0.09305555555555556
1 0.385546875 0.0763888888888889 0.049218750000000006 0.07222222222222223
1 0.46171875 0.06458333333333334 0.0671875 0.09027777777777778
1 0.79296875 0.44583333333333336 0.065625 0.09444444444444444
1 0.7878906250000001 0.5944444444444444 0.05859375 0.11111111111111112
