15 0.7136718750000001 0.08680555555555555 0.08359375000000001 0.015277777777777779
1 0.690625 0.2923611111111111 0.0390625 0.08472222222222223
1 0.7125 0.25833333333333336 0.037500000000000006 0.06944444444444445
1 0.76171875 0.2916666666666667 0.0484375 0.08055555555555556
1 0.7800781250000001 0.14722222222222223 0.041406250000000006 0.06666666666666667
1 0.7445312500000001 0.1590277777777778 0.040625 0.07361111111111111
1 0.7269531250000001 0.06944444444444445 0.039843750000000004 0.05277777777777778
0 0.51953125 0.4222222222222222 0.040625 0.10833333333333334
0 0.5546875 0.41944444444444445 0.051562500000000004 0.11388888888888889
0 0.6019531250000001 0.4375 0.05234375 0.12222222222222223
0 0.648046875 0.33333333333333337 0.04296875 0.07777777777777778
0 0.653515625 0.26458333333333334 0.04609375 0.06527777777777778
0 0.7609375 0.3548611111111111 0.06875 0.10416666666666667
0 0.7312500000000001 0.3013888888888889 0.029687500000000002 0.06944444444444445
16 0.86484375 0.13333333333333333 0.08750000000000001 0.2
