0 0.448046875 0.64375 0.03359375 0.059722222222222225
0 0.447265625 0.5854166666666667 0.02109375 0.043055555555555555
0 0.46796875000000004 0.5416666666666667 0.026562500000000003 0.044444444444444446
0 0.43125 0.4527777777777778 0.021875000000000002 0.05
0 0.49453125000000003 0.4465277777777778 0.025 0.059722222222222225
0 0.528515625 0.4201388888888889 0.02421875 0.04583333333333334
0 0.59375 0.3354166666666667 0.0390625 0.059722222222222225
0 0.541015625 0.2881944444444445 0.030468750000000003 0.05416666666666667
0 0.483203125 0.2673611111111111 0.03359375 0.043055555555555555
1 0.44062500000000004 0.23750000000000002 0.021875000000000002 0.044444444444444446
1 0.48359375000000004 0.17708333333333334 0.029687500000000002 0.0375
36 0.5328125 0.8902777777777778 0.025 0.030555555555555558
