37 0.3640625 0.36388888888888893 0.045312500000000006 0.075
37 0.37148437500000003 0.06805555555555556 0.041406250000000006 0.05277777777777778
37 0.596875 0.5215277777777778 0.06875 0.08472222222222223
1 0.40468750000000003 0.5729166666666667 0.060937500000000006 0.09861111111111112
1 0.386328125 0.4625 0.04609375 0.09722222222222222
1 0.484375 0.26944444444444443 0.0484375 0.08611111111111111
1 0.501171875 0.20416666666666666 0.049218750000000006 0.07777777777777778
1 0.476171875 0.18888888888888888 0.04296875 0.07777777777777778
1 0.448828125 0.23611111111111113 0.03828125 0.075
0 0.46171875 0.5750000000000001 0.07500000000000001 0.11111111111111112
0 0.4265625 0.6347222222222223 0.046875 0.07222222222222223
0 0.38906250000000003 0.65 0.043750000000000004 0.08333333333333334
0 0.42226562500000003 0.7027777777777778 0.049218750000000006 0.09444444444444444
