2 0.394140625 0.8493055555555555 0.022656250000000003 0.034722222222222224
2 0.42890625000000004 0.85 0.0171875 0.03333333333333333
2 0.46406250000000004 0.8520833333333334 0.018750000000000003 0.0375
0 0.18906250000000002 0.6368055555555556 0.045312500000000006 0.059722222222222225
0 0.23750000000000002 0.6263888888888889 0.035937500000000004 0.075
0 0.18046875 0.5652777777777778 0.045312500000000006 0.058333333333333334
0 0.137109375 0.5534722222222223 0.03359375 0.059722222222222225
0 0.331640625 0.44375000000000003 0.022656250000000003 0.04583333333333334
0 0.32656250000000003 0.37986111111111115 0.029687500000000002 0.04861111111111111
1 0.35273437500000004 0.46597222222222223 0.02890625 0.05416666666666667
1 0.37109375 0.3541666666666667 0.035937500000000004 0.061111111111111116
1 0.398046875 0.27361111111111114 0.02734375 0.058333333333333334
1 0.45 0.24583333333333335 0.0390625 0.058333333333333334
1 0.41796875 0.225 0.026562500000000003 0.04722222222222222
14 0.933203125 0.9486111111111112 0.01171875 0.03333333333333333
