37 0.346484375 0.1423611111111111 0.05078125 0.07916666666666666
37 0.40937500000000004 0.44097222222222227 0.0546875 0.10694444444444445
1 0.45234375000000004 0.2388888888888889 0.05625 0.08611111111111111
1 0.465625 0.19652777777777777 0.0421875 0.07361111111111111
1 0.5066406250000001 0.22777777777777777 0.047656250000000004 0.07777777777777778
1 0.48828125 0.2729166666666667 0.046875 0.07361111111111111
1 0.5046875000000001 0.4305555555555556 0.05625 0.08888888888888889
0 0.362890625 0.7104166666666667 0.07734375 0.15416666666666667
0 0.44257812500000004 0.5666666666666667 0.06171875 0.08611111111111111
0 0.47187500000000004 0.5013888888888889 0.0546875 0.08333333333333334
0 0.5296875 0.33958333333333335 0.060937500000000006 0.08750000000000001
