0 0.562890625 0.5243055555555556 0.041406250000000006 0.08194444444444444
0 0.675 0.5291666666666667 0.0703125 0.11111111111111112
0 0.7097656250000001 0.40069444444444446 0.04296875 0.0625
0 0.775390625 0.3590277777777778 0.04609375 0.059722222222222225
0 0.677734375 0.30972222222222223 0.03671875 0.058333333333333334
0 0.565625 0.4354166666666667 0.046875 0.06805555555555556
0 0.6062500000000001 0.4534722222222222 0.051562500000000004 0.07916666666666666
1 0.611328125 0.4041666666666667 0.04296875 0.061111111111111116
1 0.7367187500000001 0.3888888888888889 0.0328125 0.05555555555555556
1 0.7386718750000001 0.2923611111111111 0.06015625 0.10972222222222222
1 0.68671875 0.2611111111111111 0.029687500000000002 0.05
1 0.69296875 0.21805555555555556 0.026562500000000003 0.05
1 0.703125 0.19166666666666668 0.05 0.058333333333333334
15 0.48671875000000003 0.23055555555555557 0.043750000000000004 0.02777777777777778
