0 0.580078125 0.4451388888888889 0.05078125 0.07361111111111111
0 0.537109375 0.5201388888888889 0.04609375 0.08472222222222223
0 0.584375 0.5402777777777777 0.0484375 0.075
0 0.571875 0.5916666666666667 0.05 0.058333333333333334
0 0.57265625 0.6534722222222222 0.053125000000000006 0.08194444444444444
1 0.7171875000000001 0.46944444444444444 0.037500000000000006 0.058333333333333334
1 0.67734375 0.45416666666666666 0.040625 0.05555555555555556
1 0.607421875 0.5923611111111111 0.032031250000000004 0.05416666666666667
1 0.68671875 0.41111111111111115 0.0390625 0.05555555555555556
1 0.684765625 0.3354166666666667 0.04609375 0.059722222222222225
1 0.7191406250000001 0.3277777777777778 0.03828125 0.05555555555555556
1 0.5945312500000001 0.4118055555555556 0.028125 0.0625
14 0.93359375 0.9555555555555556 0.0125 0.030555555555555558
15 0.6019531250000001 0.18541666666666667 0.06953125 0.03194444444444445
