0 0.284765625 0.8381944444444445 0.04453125 0.07361111111111111
0 0.35703125 0.7243055555555555 0.043750000000000004 0.08194444444444444
0 0.408203125 0.7430555555555556 0.055468750000000004 0.09166666666666667
0 0.58125 0.59375 0.0484375 0.08472222222222223
0 0.566796875 0.5229166666666667 0.039843750000000004 0.06805555555555556
0 0.5378906250000001 0.4618055555555556 0.039843750000000004 0.0625
1 0.618359375 0.44236111111111115 0.04453125 0.08194444444444444
1 0.573828125 0.48333333333333334 0.05234375 0.07222222222222223
1 0.5574218750000001 0.44097222222222227 0.039843750000000004 0.0625
1 0.657421875 0.3159722222222222 0.04609375 0.059722222222222225
1 0.689453125 0.25833333333333336 0.049218750000000006 0.0638888888888889
1 0.7250000000000001 0.17291666666666666 0.040625 0.05416666666666667
