15 0.8421875000000001 0.07013888888888889 0.0859375 0.018055555555555557
24 0.5847656250000001 0.5534722222222223 0.21171875 0.34305555555555556
36 0.5339843750000001 0.8979166666666667 0.022656250000000003 0.04027777777777778
0 0.131640625 0.5715277777777777 0.05078125 0.07083333333333333
0 0.103515625 0.5173611111111112 0.04609375 0.07916666666666666
0 0.114453125 0.6381944444444445 0.06640625 0.10972222222222222
0 0.094921875 0.7333333333333334 0.06640625 0.08611111111111111
0 0.06171875 0.6847222222222222 0.034375 0.10277777777777779
0 0.08515625 0.8326388888888889 0.046875 0.09305555555555556
0 0.12734375 0.820138888888889 0.051562500000000004 0.12638888888888888
0 0.12109375 0.9229166666666667 0.040625 0.06527777777777778
0 0.13515625 0.976388888888889 0.029687500000000002 0.03888888888888889
0 0.23515625 0.820138888888889 0.05625 0.09027777777777778
0 0.2703125 0.6895833333333333 0.037500000000000006 0.06805555555555556
0 0.28515625 0.7361111111111112 0.037500000000000006 0.06944444444444445
0 0.31757812500000004 0.7666666666666667 0.04609375 0.08611111111111111
0 0.38789062500000004 0.7381944444444445 0.05078125 0.06527777777777778
0 0.42695312500000004 0.6569444444444444 0.05078125 0.075
0 0.47109375000000003 0.775 0.06875 0.12222222222222223
0 0.54609375 0.8256944444444445 0.0421875 0.06527777777777778
0 0.5828125000000001 0.7916666666666667 0.043750000000000004 0.075
0 0.727734375 0.5590277777777778 0.06640625 0.0625
0 0.7265625 0.46944444444444444 0.0546875 0.08333333333333334
0 0.7585937500000001 0.3826388888888889 0.05 0.10416666666666667
0 0.7953125000000001 0.5020833333333333 0.035937500000000004 0.10416666666666667
0 0.82421875 0.4708333333333333 0.045312500000000006 0.11388888888888889
0 0.866796875 0.4763888888888889 0.030468750000000003 0.09444444444444444
0 0.8910156250000001 0.3840277777777778 0.041406250000000006 0.07916666666666666
0 0.90234375 0.33958333333333335 0.046875 0.0625
0 0.7722656250000001 0.2888888888888889 0.041406250000000006 0.09444444444444444
0 0.7488281250000001 0.26319444444444445 0.032031250000000004 0.04861111111111111
0 0.822265625 0.14583333333333334 0.03515625 0.0638888888888889
0 0.874609375 0.19652777777777777 0.03828125 0.06527777777777778
