37 0.562109375 0.5215277777777778 0.055468750000000004 0.08472222222222223
37 0.35546875 0.325 0.046875 0.08611111111111111
37 0.38398437500000004 0.044444444444444446 0.04296875 0.05277777777777778
1 0.464453125 0.19097222222222224 0.049218750000000006 0.0625
1 0.494921875 0.21458333333333335 0.047656250000000004 0.06527777777777778
1 0.48203125 0.28055555555555556 0.0625 0.11111111111111112
1 0.431640625 0.2611111111111111 0.05234375 0.08611111111111111
1 0.40664062500000003 0.4756944444444445 0.06796875000000001 0.10972222222222222
1 0.39375000000000004 0.55625 0.05 0.08472222222222223
0 0.4265625 0.7118055555555556 0.0484375 0.11527777777777778
0 0.37539062500000003 0.6673611111111112 0.049218750000000006 0.08472222222222223
0 0.416015625 0.6402777777777778 0.047656250000000004 0.09444444444444444
0 0.464453125 0.5861111111111111 0.057031250000000006 0.10833333333333334
