15 0.65234375 0.28611111111111115 0.08281250000000001 0.025
1 0.7035156250000001 0.4215277777777778 0.047656250000000004 0.10416666666666667
1 0.70625 0.3597222222222222 0.045312500000000006 0.075
1 0.64765625 0.3277777777777778 0.034375 0.05277777777777778
1 0.59296875 0.5069444444444444 0.0578125 0.1
1 0.644140625 0.5513888888888889 0.04453125 0.09444444444444444
0 0.568359375 0.5923611111111111 0.03828125 0.09027777777777778
0 0.6046875 0.5923611111111111 0.0390625 0.08472222222222223
0 0.64453125 0.6326388888888889 0.05625 0.10138888888888889
0 0.45625000000000004 0.6798611111111111 0.0703125 0.06805555555555556
0 0.44140625 0.7486111111111111 0.051562500000000004 0.061111111111111116
0 0.44765625000000003 0.8083333333333333 0.034375 0.061111111111111116
