16 0.653515625 0.23819444444444446 0.15078125 0.3263888888888889
1 0.5578125 0.30347222222222225 0.025 0.05416666666666667
1 0.525 0.22777777777777777 0.021875000000000002 0.04166666666666667
1 0.5769531250000001 0.1902777777777778 0.02421875 0.03888888888888889
1 0.494140625 0.30694444444444446 0.03828125 0.061111111111111116
1 0.419921875 0.4104166666666667 0.022656250000000003 0.04027777777777778
1 0.43593750000000003 0.43194444444444446 0.018750000000000003 0.05
0 0.478125 0.5277777777777778 0.029687500000000002 0.061111111111111116
0 0.515625 0.55 0.021875000000000002 0.05277777777777778
0 0.55 0.5743055555555556 0.026562500000000003 0.05694444444444444
0 0.566015625 0.5125000000000001 0.02890625 0.058333333333333334
0 0.6878906250000001 0.3854166666666667 0.02734375 0.04861111111111111
