37 0.330078125 0.09861111111111112 0.03515625 0.0638888888888889
37 0.37421875000000004 0.3861111111111111 0.046875 0.08333333333333334
37 0.62421875 0.4625 0.045312500000000006 0.06666666666666667
1 0.48828125 0.4048611111111111 0.060937500000000006 0.08750000000000001
1 0.4453125 0.3944444444444445 0.045312500000000006 0.0638888888888889
1 0.429296875 0.2916666666666667 0.057031250000000006 0.08611111111111111
1 0.44960937500000003 0.23055555555555557 0.04296875 0.07777777777777778
1 0.47734375 0.20555555555555557 0.051562500000000004 0.08333333333333334
0 0.42695312500000004 0.5486111111111112 0.06640625 0.13611111111111113
0 0.405859375 0.4625 0.047656250000000004 0.10277777777777779
0 0.43125 0.4465277777777778 0.0546875 0.09861111111111112
0 0.341796875 0.6993055555555556 0.06328125 0.08472222222222223
0 0.32109375 0.7784722222222222 0.0390625 0.07361111111111111
