24 0.7761718750000001 0.42291666666666666 0.21640625000000002 0.3236111111111111
16 0.554296875 0.4569444444444445 0.12109375 0.3277777777777778
16 0.7406250000000001 0.7798611111111111 0.0921875 0.25416666666666665
36 0.534375 0.8986111111111111 0.025 0.036111111111111115
1 0.4109375 0.31666666666666665 0.078125 0.09166666666666667
1 0.29609375 0.33125 0.1078125 0.10416666666666667
1 0.16562500000000002 0.35208333333333336 0.060937500000000006 0.09583333333333334
1 0.08828125 0.3652777777777778 0.059375000000000004 0.08611111111111111
1 0.6195312500000001 0.6326388888888889 0.045312500000000006 0.07083333333333333
1 0.6394531250000001 0.6951388888888889 0.06328125 0.10416666666666667
1 0.67734375 0.6326388888888889 0.045312500000000006 0.09027777777777778
