1 0.577734375 0.07847222222222222 0.02421875 0.03194444444444445
1 0.541015625 0.14583333333333334 0.030468750000000003 0.044444444444444446
1 0.529296875 0.2611111111111111 0.032031250000000004 0.075
1 0.5671875000000001 0.4277777777777778 0.026562500000000003 0.044444444444444446
1 0.5886718750000001 0.3993055555555556 0.030468750000000003 0.051388888888888894
16 0.6429687500000001 0.19722222222222224 0.1421875 0.3138888888888889
0 0.60703125 0.5625 0.021875000000000002 0.03888888888888889
0 0.57265625 0.5194444444444445 0.025 0.061111111111111116
0 0.6101562500000001 0.3666666666666667 0.021875000000000002 0.04166666666666667
0 0.50234375 0.5076388888888889 0.040625 0.059722222222222225
