1 0.548828125 0.4166666666666667 0.022656250000000003 0.04166666666666667
1 0.603125 0.3513888888888889 0.0328125 0.03888888888888889
1 0.593359375 0.30347222222222225 0.02421875 0.0375
1 0.462890625 0.5506944444444445 0.032031250000000004 0.05416666666666667
1 0.404296875 0.5680555555555555 0.02734375 0.044444444444444446
1 0.37148437500000003 0.5576388888888889 0.03359375 0.0625
0 0.28203125 0.7472222222222222 0.034375 0.06666666666666667
0 0.23828125 0.8395833333333333 0.034375 0.0375
0 0.369921875 0.7493055555555556 0.03515625 0.05694444444444444
0 0.369921875 0.6756944444444445 0.025781250000000002 0.04583333333333334
0 0.357421875 0.6277777777777778 0.049218750000000006 0.06944444444444445
0 0.3953125 0.6472222222222223 0.0328125 0.05555555555555556
0 0.4265625 0.6152777777777778 0.034375 0.07222222222222223
