0 0.41132812500000004 0.5270833333333333 0.047656250000000004 0.05694444444444444
0 0.45820312500000004 0.5458333333333334 0.03359375 0.058333333333333334
0 0.475390625 0.6 0.04453125 0.08055555555555556
0 0.496875 0.42083333333333334 0.0484375 0.07222222222222223
0 0.5015625 0.3652777777777778 0.037500000000000006 0.06666666666666667
0 0.540234375 0.3680555555555556 0.03359375 0.0638888888888889
1 0.762890625 0.07013888888888889 0.04453125 0.04861111111111111
1 0.8675781250000001 0.06319444444444444 0.02890625 0.04861111111111111
1 0.8992187500000001 0.06944444444444445 0.0390625 0.061111111111111116
15 0.55 0.22013888888888888 0.0625 0.029166666666666667
15 0.22187500000000002 0.3548611111111111 0.084375 0.034722222222222224
