1 0.07265625 0.2652777777777778 0.043750000000000004 0.058333333333333334
1 0.581640625 0.27083333333333337 0.04453125 0.07777777777777778
1 0.566015625 0.1951388888888889 0.025781250000000002 0.03194444444444445
1 0.59375 0.1513888888888889 0.018750000000000003 0.05277777777777778
1 0.5222656250000001 0.20972222222222223 0.025781250000000002 0.036111111111111115
13 0.6726562500000001 0.2902777777777778 0.13593750000000002 0.28611111111111115
0 0.58046875 0.36597222222222225 0.034375 0.05694444444444444
0 0.5484375 0.3416666666666667 0.028125 0.0638888888888889
0 0.5906250000000001 0.4256944444444445 0.026562500000000003 0.0625
0 0.60546875 0.5743055555555556 0.051562500000000004 0.08750000000000001
0 0.615234375 0.6798611111111111 0.02734375 0.059722222222222225
0 0.5390625 0.68125 0.043750000000000004 0.0625
0 0.482421875 0.61875 0.030468750000000003 0.043055555555555555
3 0.42890625000000004 0.8506944444444445 0.026562500000000003 0.04027777777777778
2 0.463671875 0.8486111111111111 0.025781250000000002 0.044444444444444446
