15 0.5320312500000001 0.13472222222222222 0.08281250000000001 0.022222222222222223
15 0.6640625 0.03819444444444445 0.08750000000000001 0.018055555555555557
15 0.761328125 0.23611111111111113 0.08203125 0.022222222222222223
24 0.2078125 0.8048611111111111 0.1625 0.11805555555555557
36 0.53046875 0.8986111111111111 0.0234375 0.03888888888888889
1 0.385546875 0.5055555555555555 0.049218750000000006 0.08888888888888889
1 0.354296875 0.5055555555555555 0.041406250000000006 0.07222222222222223
1 0.327734375 0.5520833333333334 0.06640625 0.08194444444444444
1 0.17343750000000002 0.51875 0.084375 0.08750000000000001
0 0.56015625 0.4104166666666667 0.0671875 0.13194444444444445
0 0.6332031250000001 0.5527777777777778 0.06015625 0.11111111111111112
0 0.630078125 0.28194444444444444 0.055468750000000004 0.07777777777777778
