0 0.833203125 0.22847222222222224 0.04453125 0.059722222222222225
0 0.762890625 0.17708333333333334 0.04609375 0.06527777777777778
0 0.5769531250000001 0.19375 0.049218750000000006 0.059722222222222225
0 0.5203125000000001 0.2576388888888889 0.053125000000000006 0.07361111111111111
0 0.44453125000000004 0.34861111111111115 0.05625 0.075
0 0.380859375 0.43680555555555556 0.07265625 0.09861111111111112
0 0.30976562500000004 0.5111111111111112 0.049218750000000006 0.06666666666666667
0 0.260546875 0.6527777777777778 0.04609375 0.08333333333333334
0 0.19492187500000002 0.8013888888888889 0.04609375 0.08333333333333334
1 0.862890625 0.2125 0.03671875 0.06666666666666667
1 0.846875 0.17708333333333334 0.03125 0.05694444444444444
1 0.787109375 0.16111111111111112 0.04296875 0.05555555555555556
1 0.89453125 0.08680555555555555 0.0328125 0.04861111111111111
1 0.9246093750000001 0.11736111111111111 0.02734375 0.05416666666666667
1 0.9390625 0.13958333333333334 0.035937500000000004 0.05416666666666667
1 0.872265625 0.13541666666666669 0.039843750000000004 0.059722222222222225
14 0.933203125 0.9527777777777778 0.013281250000000001 0.03333333333333333
