0 0.5703125 0.5631944444444444 0.040625 0.07083333333333333
0 0.6156250000000001 0.6305555555555555 0.040625 0.06944444444444445
0 0.654296875 0.6111111111111112 0.041406250000000006 0.0638888888888889
0 0.40937500000000004 0.7583333333333334 0.040625 0.07777777777777778
0 0.4421875 0.795138888888889 0.0484375 0.0625
0 0.45351562500000003 0.8722222222222222 0.06328125 0.06666666666666667
1 0.61328125 0.5826388888888889 0.0484375 0.06527777777777778
1 0.59296875 0.5298611111111111 0.03125 0.06527777777777778
1 0.632421875 0.5305555555555556 0.041406250000000006 0.06666666666666667
1 0.6953125 0.40972222222222227 0.040625 0.06666666666666667
1 0.7210937500000001 0.3840277777777778 0.029687500000000002 0.0625
1 0.70078125 0.3236111111111111 0.043750000000000004 0.061111111111111116
