15 0.47578125000000004 0.2465277777777778 0.0859375 0.018055555555555557
36 0.53359375 0.8944444444444445 0.029687500000000002 0.05277777777777778
1 0.5085937500000001 0.5125000000000001 0.05625 0.08888888888888889
1 0.531640625 0.6055555555555556 0.05390625 0.10277777777777779
1 0.6484375 0.3368055555555556 0.045312500000000006 0.07361111111111111
1 0.6765625000000001 0.3541666666666667 0.060937500000000006 0.09722222222222222
1 0.7406250000000001 0.3965277777777778 0.06406250000000001 0.11805555555555557
0 0.577734375 0.4791666666666667 0.06640625 0.10277777777777779
0 0.4921875 0.4083333333333333 0.03125 0.07222222222222223
0 0.45390625 0.5951388888888889 0.051562500000000004 0.12638888888888888
