0 0.553125 0.7805555555555556 0.060937500000000006 0.10277777777777779
0 0.603125 0.6868055555555556 0.0328125 0.0763888888888889
0 0.634765625 0.7159722222222222 0.03515625 0.05694444444444444
0 0.71015625 0.8520833333333334 0.037500000000000006 0.09305555555555556
0 0.626171875 0.8423611111111111 0.03515625 0.0375
0 0.703125 0.9361111111111111 0.0203125 0.06666666666666667
1 0.6785156250000001 0.8111111111111111 0.02734375 0.044444444444444446
1 0.66328125 0.7597222222222223 0.028125 0.04722222222222222
1 0.671875 0.6152777777777778 0.059375000000000004 0.13611111111111113
1 0.757421875 0.7229166666666667 0.02890625 0.05694444444444444
1 0.7546875000000001 0.6256944444444444 0.028125 0.0625
14 0.9324218750000001 0.951388888888889 0.013281250000000001 0.030555555555555558
36 0.53359375 0.8951388888888889 0.026562500000000003 0.05416666666666667
