1 0.6578125 0.3965277777777778 0.0203125 0.043055555555555555
1 0.6671875 0.4465277777777778 0.026562500000000003 0.051388888888888894
1 0.669140625 0.49236111111111114 0.039843750000000004 0.06527777777777778
1 0.5554687500000001 0.7895833333333334 0.0484375 0.04861111111111111
1 0.6160156250000001 0.7145833333333333 0.030468750000000003 0.06527777777777778
1 0.628515625 0.6513888888888889 0.032031250000000004 0.058333333333333334
1 0.5984375000000001 0.6 0.03125 0.05
1 0.553125 0.5722222222222223 0.034375 0.0638888888888889
1 0.58359375 0.4951388888888889 0.0734375 0.08194444444444444
1 0.5203125000000001 0.4763888888888889 0.0328125 0.05555555555555556
1 0.49257812500000003 0.43194444444444446 0.025781250000000002 0.03888888888888889
1 0.437109375 0.5625 0.03359375 0.05277777777777778
0 0.3875 0.75625 0.043750000000000004 0.0625
0 0.409765625 0.6229166666666667 0.04609375 0.08472222222222223
0 0.47382812500000004 0.5631944444444444 0.02734375 0.05694444444444444
0 0.49335937500000004 0.5 0.030468750000000003 0.044444444444444446
0 0.35976562500000003 0.5652777777777778 0.03671875 0.061111111111111116
0 0.3453125 0.6590277777777778 0.043750000000000004 0.05694444444444444
