16 0.33203125 0.1277777777777778 0.16875 0.19722222222222224
0 0.177734375 0.33333333333333337 0.030468750000000003 0.058333333333333334
0 0.20039062500000002 0.3472222222222222 0.02109375 0.04722222222222222
0 0.216796875 0.3861111111111111 0.03359375 0.05
0 0.25429687500000003 0.3979166666666667 0.02734375 0.059722222222222225
0 0.27773437500000003 0.4326388888888889 0.03359375 0.05416666666666667
0 0.33828125000000003 0.4430555555555556 0.029687500000000002 0.0638888888888889
0 0.401171875 0.29097222222222224 0.03671875 0.05416666666666667
0 0.51953125 0.3013888888888889 0.05 0.05277777777777778
0 0.48046875 0.23958333333333334 0.0390625 0.059722222222222225
0 0.3484375 0.2638888888888889 0.035937500000000004 0.0638888888888889
0 0.29531250000000003 0.19097222222222224 0.0234375 0.034722222222222224
0 0.39882812500000003 0.42291666666666666 0.02109375 0.04027777777777778
3 0.42812500000000003 0.8479166666666667 0.026562500000000003 0.04027777777777778
2 0.463671875 0.8458333333333333 0.022656250000000003 0.036111111111111115
