0 0.58359375 0.7909722222222223 0.03125 0.06527777777777778
0 0.56484375 0.6069444444444445 0.029687500000000002 0.058333333333333334
0 0.580078125 0.5430555555555556 0.02109375 0.061111111111111116
0 0.517578125 0.4479166666666667 0.03359375 0.08194444444444444
0 0.530859375 0.39513888888888893 0.032031250000000004 0.051388888888888894
0 0.531640625 0.3458333333333333 0.022656250000000003 0.04166666666666667
0 0.55 0.31736111111111115 0.028125 0.051388888888888894
0 0.474609375 0.36458333333333337 0.01953125 0.034722222222222224
1 0.5140625 0.3159722222222222 0.026562500000000003 0.043055555555555555
1 0.5390625 0.275 0.018750000000000003 0.025
1 0.4921875 0.09236111111111112 0.025 0.04027777777777778
1 0.52890625 0.04236111111111111 0.025 0.034722222222222224
1 0.5546875 0.006944444444444445 0.015625 0.01388888888888889
