0 0.6488281250000001 0.6659722222222223 0.06015625 0.09583333333333334
0 0.603125 0.7791666666666667 0.0546875 0.1
0 0.6917968750000001 0.7854166666666667 0.047656250000000004 0.1125
0 0.65 0.8409722222222222 0.05 0.034722222222222224
1 0.587109375 0.6548611111111111 0.047656250000000004 0.0763888888888889
1 0.6257812500000001 0.5652777777777778 0.051562500000000004 0.06944444444444445
1 0.578515625 0.48541666666666666 0.05078125 0.0763888888888889
1 0.58125 0.3458333333333333 0.06406250000000001 0.11944444444444445
1 0.551953125 0.23472222222222222 0.03828125 0.058333333333333334
1 0.5554687500000001 0.12569444444444444 0.043750000000000004 0.05694444444444444
16 0.68359375 0.39513888888888893 0.1390625 0.31527777777777777
13 0.6449218750000001 0.13680555555555557 0.10703125000000001 0.2125
