0 0.37812500000000004 0.576388888888889 0.051562500000000004 0.08888888888888889
0 0.29921875000000003 0.5395833333333333 0.0390625 0.06527777777777778
0 0.31328125 0.5923611111111111 0.035937500000000004 0.09027777777777778
0 0.38320312500000003 0.36458333333333337 0.049218750000000006 0.09305555555555556
0 0.35781250000000003 0.26319444444444445 0.035937500000000004 0.059722222222222225
0 0.34414062500000003 0.24444444444444446 0.032031250000000004 0.044444444444444446
1 0.40742187500000004 0.31666666666666665 0.057031250000000006 0.08055555555555556
1 0.38320312500000003 0.2576388888888889 0.039843750000000004 0.0625
1 0.3875 0.21597222222222223 0.03125 0.05416666666666667
3 0.5007812500000001 0.8472222222222222 0.03125 0.04166666666666667
