0 0.51328125 0.4979166666666667 0.035937500000000004 0.059722222222222225
0 0.46210937500000004 0.48541666666666666 0.032031250000000004 0.05694444444444444
0 0.50234375 0.43194444444444446 0.028125 0.05
0 0.37148437500000003 0.26319444444444445 0.041406250000000006 0.06805555555555556
0 0.499609375 0.3104166666666667 0.049218750000000006 0.08750000000000001
0 0.456640625 0.2569444444444445 0.02734375 0.04722222222222222
0 0.23828125 0.24166666666666667 0.03125 0.044444444444444446
1 0.433203125 0.22847222222222224 0.022656250000000003 0.0375
1 0.4625 0.1951388888888889 0.026562500000000003 0.0375
13 0.572265625 0.0375 0.10390625 0.07222222222222223
