1 0.5265625 0.13472222222222222 0.026562500000000003 0.036111111111111115
1 0.5496093750000001 0.1076388888888889 0.022656250000000003 0.043055555555555555
1 0.583984375 0.10833333333333334 0.02734375 0.03333333333333333
1 0.5750000000000001 0.07777777777777778 0.025 0.036111111111111115
1 0.52890625 0.07222222222222223 0.021875000000000002 0.02777777777777778
0 0.534375 0.40625 0.029687500000000002 0.06805555555555556
0 0.556640625 0.3736111111111111 0.01953125 0.07222222222222223
0 0.5984375000000001 0.3458333333333333 0.029687500000000002 0.05555555555555556
0 0.511328125 0.18888888888888888 0.022656250000000003 0.05555555555555556
0 0.5417968750000001 0.19652777777777777 0.032031250000000004 0.04861111111111111
0 0.56953125 0.16180555555555556 0.0328125 0.04583333333333334
36 0.53515625 0.8944444444444445 0.0171875 0.02777777777777778
