0 0.319140625 0.6458333333333334 0.05078125 0.08055555555555556
0 0.248046875 0.5479166666666667 0.04453125 0.0625
0 0.109375 0.5784722222222223 0.037500000000000006 0.04583333333333334
0 0.13593750000000002 0.6097222222222223 0.040625 0.05
0 0.15976562500000002 0.6548611111111111 0.03671875 0.06527777777777778
1 0.350390625 0.6361111111111112 0.03828125 0.07777777777777778
1 0.377734375 0.5854166666666667 0.04609375 0.07361111111111111
0 0.32265625000000003 0.5625 0.045312500000000006 0.058333333333333334
1 0.26171875 0.46319444444444446 0.0484375 0.07083333333333333
1 0.269140625 0.40069444444444446 0.03828125 0.06527777777777778
1 0.30585937500000004 0.3729166666666667 0.03828125 0.06805555555555556
1 0.186328125 0.6034722222222223 0.047656250000000004 0.07361111111111111
14 0.9328125 0.9534722222222223 0.0140625 0.0375
15 0.38046875 0.36944444444444446 0.040625 0.03888888888888889
