0 0.53828125 0.5618055555555556 0.040625 0.06805555555555556
0 0.6273437500000001 0.6618055555555555 0.0578125 0.10138888888888889
0 0.58203125 0.8250000000000001 0.034375 0.061111111111111116
1 0.52109375 0.3736111111111111 0.0328125 0.07222222222222223
1 0.56015625 0.38333333333333336 0.046875 0.05277777777777778
1 0.6042968750000001 0.3180555555555556 0.02421875 0.022222222222222223
1 0.560546875 0.5256944444444445 0.03515625 0.07361111111111111
13 0.6960937500000001 0.5291666666666667 0.12187500000000001 0.25277777777777777
15 0.587890625 0.3388888888888889 0.09453125000000001 0.02777777777777778
15 0.5750000000000001 0.15347222222222223 0.0859375 0.015277777777777779
