0 0.28046875 0.4 0.035937500000000004 0.061111111111111116
0 0.251171875 0.4256944444444445 0.049218750000000006 0.06527777777777778
0 0.20390625 0.4451388888888889 0.043750000000000004 0.05694444444444444
0 0.19843750000000002 0.40555555555555556 0.05 0.0638888888888889
0 0.21328125 0.5201388888888889 0.05625 0.07361111111111111
0 0.173828125 0.4798611111111111 0.03515625 0.05694444444444444
0 0.10234375000000001 0.6166666666666667 0.05 0.05555555555555556
0 0.10546875 0.6791666666666667 0.040625 0.06666666666666667
0 0.15156250000000002 0.7208333333333333 0.0578125 0.08611111111111111
1 0.230859375 0.3701388888888889 0.03515625 0.059722222222222225
1 0.295703125 0.2013888888888889 0.039843750000000004 0.061111111111111116
1 0.330078125 0.2152777777777778 0.030468750000000003 0.03888888888888889
14 0.9324218750000001 0.9527777777777778 0.014843750000000001 0.03333333333333333
