15 0.6781250000000001 0.2 0.0859375 0.02777777777777778
36 0.535546875 0.89375 0.025781250000000002 0.03194444444444445
1 0.7660156250000001 0.1125 0.041406250000000006 0.07222222222222223
1 0.765625 0.07083333333333333 0.0421875 0.061111111111111116
1 0.7265625 0.05347222222222223 0.028125 0.043055555555555555
1 0.706640625 0.16111111111111112 0.02890625 0.044444444444444446
1 0.6941406250000001 0.21944444444444444 0.03828125 0.06666666666666667
0 0.587890625 0.31736111111111115 0.047656250000000004 0.07361111111111111
0 0.5710937500000001 0.28125 0.0484375 0.0763888888888889
0 0.6312500000000001 0.3125 0.051562500000000004 0.075
0 0.7140625 0.1125 0.03125 0.07222222222222223
0 0.6828125 0.13958333333333334 0.0234375 0.05694444444444444
