15 0.46875 0.010416666666666668 0.08281250000000001 0.020833333333333336
1 0.5078125 0.26875 0.029687500000000002 0.05416666666666667
0 0.12460937500000001 0.3784722222222222 0.02734375 0.051388888888888894
0 0.094921875 0.35347222222222224 0.02890625 0.0625
0 0.015625 0.3805555555555556 0.025 0.04722222222222222
0 0.08828125 0.30625 0.035937500000000004 0.05694444444444444
0 0.11289062500000001 0.27569444444444446 0.039843750000000004 0.0625
0 0.10078125 0.17291666666666666 0.0328125 0.04861111111111111
0 0.32656250000000003 0.3138888888888889 0.0484375 0.0638888888888889
0 0.386328125 0.3416666666666667 0.030468750000000003 0.05
3 0.42617187500000003 0.85 0.022656250000000003 0.036111111111111115
2 0.464453125 0.8527777777777779 0.02109375 0.03333333333333333
