15 0.67734375 0.13125 0.084375 0.020833333333333336
14 0.9328125 0.9506944444444445 0.0125 0.0375
0 0.5421875 0.18680555555555556 0.060937500000000006 0.07083333333333333
1 0.71640625 0.22430555555555556 0.053125000000000006 0.08194444444444444
0 0.651953125 0.3111111111111111 0.05234375 0.08055555555555556
0 0.6199218750000001 0.32222222222222224 0.03828125 0.08055555555555556
0 0.608984375 0.27222222222222225 0.04296875 0.06944444444444445
0 0.58984375 0.28194444444444444 0.05 0.07222222222222223
0 0.5734375 0.2451388888888889 0.043750000000000004 0.0763888888888889
0 0.541015625 0.1527777777777778 0.04296875 0.058333333333333334
