0 0.6332031250000001 0.4076388888888889 0.04453125 0.05416666666666667
0 0.57734375 0.40972222222222227 0.037500000000000006 0.05555555555555556
0 0.509375 0.5819444444444445 0.037500000000000006 0.075
0 0.472265625 0.5715277777777777 0.03359375 0.06805555555555556
0 0.42421875000000003 0.6354166666666667 0.046875 0.06527777777777778
0 0.575390625 0.5881944444444445 0.032031250000000004 0.06527777777777778
0 0.546875 0.6284722222222222 0.025 0.0375
14 0.93359375 0.9520833333333334 0.015625 0.03194444444444445
16 0.6136718750000001 0.2138888888888889 0.14453125 0.2916666666666667
15 0.5890625 0.20486111111111113 0.084375 0.020833333333333336
