15 0.6371093750000001 0.027083333333333334 0.08671875000000001 0.020833333333333336
15 0.731640625 0.22361111111111112 0.09140625000000001 0.022222222222222223
15 0.50234375 0.12847222222222224 0.08750000000000001 0.02361111111111111
24 0.18710937500000002 0.7770833333333333 0.19453125000000002 0.15416666666666667
36 0.535546875 0.89375 0.02421875 0.034722222222222224
1 0.215625 0.4847222222222222 0.0921875 0.125
1 0.359375 0.5215277777777778 0.06875 0.12638888888888888
1 0.38515625000000003 0.4861111111111111 0.05625 0.08611111111111111
1 0.381640625 0.4138888888888889 0.07109375 0.08888888888888889
0 0.5265625 0.3965277777777778 0.06406250000000001 0.09861111111111112
0 0.599609375 0.27847222222222223 0.05234375 0.09583333333333334
0 0.60078125 0.5395833333333333 0.0703125 0.1125
