15 0.5953125 0.14375000000000002 0.08125 0.018055555555555557
0 0.26406250000000003 0.7784722222222222 0.060937500000000006 0.10416666666666667
1 0.593359375 0.37222222222222223 0.04609375 0.08333333333333334
0 0.5484375 0.3729166666666667 0.0421875 0.09027777777777778
0 0.476171875 0.5493055555555556 0.04453125 0.0763888888888889
0 0.5144531250000001 0.5638888888888889 0.04609375 0.09444444444444444
0 0.458984375 0.50625 0.03671875 0.07361111111111111
0 0.437109375 0.45972222222222225 0.04296875 0.08888888888888889
0 0.46132812500000003 0.6555555555555556 0.06015625 0.10833333333333334
0 0.380859375 0.725 0.057031250000000006 0.08055555555555556
0 0.17304687500000002 0.9048611111111111 0.02734375 0.07361111111111111
