0 0.390625 0.6423611111111112 0.0421875 0.05694444444444444
0 0.36015625 0.675 0.037500000000000006 0.0638888888888889
0 0.32656250000000003 0.7083333333333334 0.034375 0.06944444444444445
0 0.30312500000000003 0.37986111111111115 0.021875000000000002 0.05416666666666667
0 0.3375 0.37777777777777777 0.03125 0.044444444444444446
0 0.366796875 0.375 0.02734375 0.044444444444444446
0 0.39570312500000004 0.40208333333333335 0.025781250000000002 0.051388888888888894
0 0.42578125 0.40555555555555556 0.028125 0.05555555555555556
0 0.3984375 0.35833333333333334 0.0125 0.025
15 0.486328125 0.2611111111111111 0.08046875 0.01388888888888889
1 0.419921875 0.21736111111111112 0.030468750000000003 0.04583333333333334
1 0.323046875 0.17222222222222222 0.030468750000000003 0.05
1 0.370703125 0.10277777777777779 0.02734375 0.01388888888888889
