0 0.38398437500000004 0.5083333333333333 0.04296875 0.08333333333333334
0 0.374609375 0.6180555555555556 0.041406250000000006 0.06666666666666667
0 0.432421875 0.6277777777777778 0.06796875000000001 0.11111111111111112
0 0.33125000000000004 0.820138888888889 0.029687500000000002 0.0625
1 0.353125 0.5118055555555556 0.037500000000000006 0.04861111111111111
1 0.32578125 0.5201388888888889 0.0328125 0.043055555555555555
1 0.40625 0.3625 0.053125000000000006 0.1
1 0.43007812500000003 0.30694444444444446 0.039843750000000004 0.05555555555555556
1 0.39765625000000004 0.29583333333333334 0.0390625 0.05277777777777778
1 0.373046875 0.2868055555555556 0.03671875 0.05416666666666667
13 0.49609375 0.4930555555555556 0.134375 0.26944444444444443
15 0.384765625 0.15763888888888888 0.06484375 0.02638888888888889
