16 0.37148437500000003 0.16875 0.15859375 0.2652777777777778
0 0.209375 0.4201388888888889 0.015625 0.043055555555555555
0 0.2265625 0.4340277777777778 0.0234375 0.051388888888888894
0 0.2578125 0.4701388888888889 0.029687500000000002 0.0625
0 0.29453125 0.4951388888888889 0.037500000000000006 0.05694444444444444
0 0.32539062500000004 0.5319444444444444 0.041406250000000006 0.061111111111111116
0 0.38007812500000004 0.5437500000000001 0.03359375 0.06527777777777778
0 0.43789062500000003 0.5208333333333334 0.022656250000000003 0.04722222222222222
0 0.47890625000000003 0.45972222222222225 0.028125 0.05277777777777778
0 0.38906250000000003 0.33333333333333337 0.037500000000000006 0.07222222222222223
0 0.333984375 0.2611111111111111 0.030468750000000003 0.044444444444444446
0 0.4890625 0.2833333333333333 0.029687500000000002 0.058333333333333334
2 0.43125 0.8493055555555555 0.018750000000000003 0.02638888888888889
2 0.463671875 0.8541666666666667 0.02421875 0.02777777777777778
