0 0.453125 0.7979166666666667 0.043750000000000004 0.07083333333333333
0 0.505859375 0.6819444444444445 0.039843750000000004 0.061111111111111116
0 0.401953125 0.6118055555555556 0.03359375 0.051388888888888894
0 0.44257812500000004 0.6173611111111111 0.03359375 0.05416666666666667
1 0.6199218750000001 0.43472222222222223 0.04453125 0.06666666666666667
1 0.661328125 0.4618055555555556 0.05390625 0.07083333333333333
1 0.551171875 0.5708333333333333 0.05390625 0.08888888888888889
1 0.562890625 0.6958333333333334 0.05234375 0.1
1 0.482421875 0.7152777777777778 0.04296875 0.08333333333333334
14 0.9359375000000001 0.9527777777777778 0.0203125 0.04166666666666667
16 0.616796875 0.1951388888888889 0.13515625 0.3402777777777778
