0 0.558984375 0.5805555555555556 0.02890625 0.05277777777777778
0 0.519921875 0.5534722222222223 0.022656250000000003 0.051388888888888894
0 0.57265625 0.5201388888888889 0.021875000000000002 0.04583333333333334
1 0.523046875 0.49722222222222223 0.02734375 0.04166666666666667
1 0.50390625 0.607638888888889 0.025 0.04861111111111111
1 0.47773437500000004 0.5631944444444444 0.02109375 0.051388888888888894
1 0.491796875 0.29583333333333334 0.022656250000000003 0.036111111111111115
1 0.527734375 0.30833333333333335 0.025781250000000002 0.03888888888888889
1 0.563671875 0.31527777777777777 0.03515625 0.04722222222222222
1 0.536328125 0.4048611111111111 0.047656250000000004 0.09305555555555556
16 0.651953125 0.2423611111111111 0.13671875 0.33194444444444443
