0 0.61484375 0.670138888888889 0.0546875 0.08750000000000001
0 0.5515625000000001 0.8013888888888889 0.0328125 0.0638888888888889
0 0.505078125 0.763888888888889 0.03359375 0.07222222222222223
0 0.611328125 0.8340277777777778 0.02421875 0.029166666666666667
0 0.730078125 0.5736111111111112 0.025781250000000002 0.05
0 0.56640625 0.5305555555555556 0.026562500000000003 0.05555555555555556
1 0.58359375 0.55 0.0234375 0.05277777777777778
1 0.622265625 0.5548611111111111 0.02734375 0.051388888888888894
1 0.7507812500000001 0.5597222222222222 0.028125 0.05277777777777778
1 0.6078125000000001 0.3729166666666667 0.026562500000000003 0.043055555555555555
1 0.555078125 0.21666666666666667 0.022656250000000003 0.05
1 0.585546875 0.25277777777777777 0.02421875 0.03888888888888889
16 0.67890625 0.43333333333333335 0.1421875 0.3277777777777778
36 0.534765625 0.8854166666666667 0.02421875 0.02638888888888889
