1 0.61875 0.3145833333333333 0.021875000000000002 0.0375
1 0.641796875 0.26875 0.01953125 0.03194444444444445
0 0.6546875000000001 0.3236111111111111 0.025 0.03888888888888889
0 0.6316406250000001 0.36458333333333337 0.03359375 0.043055555555555555
0 0.5890625 0.7375 0.029687500000000002 0.05
0 0.61875 0.7777777777777778 0.029687500000000002 0.05555555555555556
0 0.6277343750000001 0.8375 0.03359375 0.03333333333333333
0 0.669921875 0.7604166666666667 0.055468750000000004 0.13194444444444445
13 0.7195312500000001 0.45625000000000004 0.1484375 0.2847222222222222
3 0.428515625 0.8506944444444445 0.01640625 0.03194444444444445
2 0.46210937500000004 0.8506944444444445 0.017968750000000002 0.03194444444444445
