0 0.54921875 0.43194444444444446 0.0421875 0.075
0 0.429296875 0.4548611111111111 0.04296875 0.051388888888888894
0 0.43593750000000003 0.513888888888889 0.03125 0.058333333333333334
0 0.47695312500000003 0.5430555555555556 0.039843750000000004 0.06944444444444445
0 0.3140625 0.8381944444444445 0.028125 0.04861111111111111
1 0.51875 0.525 0.037500000000000006 0.07222222222222223
1 0.46875 0.46111111111111114 0.0421875 0.05555555555555556
1 0.6199218750000001 0.23125 0.03515625 0.07083333333333333
1 0.6664062500000001 0.23750000000000002 0.043750000000000004 0.07222222222222223
1 0.5964843750000001 0.1951388888888889 0.04296875 0.07361111111111111
1 0.565625 0.1902777777777778 0.034375 0.0638888888888889
1 0.5359375000000001 0.17569444444444446 0.0328125 0.06527777777777778
1 0.558203125 0.38819444444444445 0.032031250000000004 0.05416666666666667
14 0.9324218750000001 0.9493055555555556 0.013281250000000001 0.029166666666666667
15 0.33906250000000004 0.3041666666666667 0.09375 0.019444444444444445
15 0.365234375 0.5152777777777778 0.08515625 0.025
