1 0.39101562500000003 0.39166666666666666 0.03359375 0.08611111111111111
1 0.41523437500000004 0.3611111111111111 0.05234375 0.10277777777777779
1 0.43046875 0.46111111111111114 0.0671875 0.09444444444444444
1 0.43476562500000004 0.31319444444444444 0.057031250000000006 0.10694444444444445
1 0.517578125 0.2548611111111111 0.057031250000000006 0.07916666666666666
1 0.546484375 0.28055555555555556 0.03671875 0.06944444444444445
1 0.570703125 0.3145833333333333 0.06015625 0.10416666666666667
0 0.290234375 0.4479166666666667 0.06640625 0.09861111111111112
0 0.230859375 0.6069444444444445 0.05234375 0.08611111111111111
0 0.264453125 0.6805555555555556 0.05859375 0.08888888888888889
0 0.32109375 0.6916666666666667 0.0765625 0.125
0 0.35585937500000003 0.46458333333333335 0.049218750000000006 0.0763888888888889
0 0.36953125000000003 0.4048611111111111 0.0390625 0.059722222222222225
0 0.405078125 0.4590277777777778 0.03671875 0.06805555555555556
