0 0.53671875 0.3902777777777778 0.0546875 0.0638888888888889
0 0.435546875 0.5173611111111112 0.03671875 0.05694444444444444
0 0.398046875 0.5437500000000001 0.03515625 0.06527777777777778
0 0.435546875 0.5951388888888889 0.041406250000000006 0.0763888888888889
1 0.584375 0.4152777777777778 0.035937500000000004 0.06944444444444445
1 0.5574218750000001 0.32569444444444445 0.03515625 0.051388888888888894
1 0.6097656250000001 0.27361111111111114 0.06640625 0.09166666666666667
1 0.651953125 0.23680555555555557 0.04296875 0.05694444444444444
1 0.6761718750000001 0.24583333333333335 0.02890625 0.06666666666666667
1 0.704296875 0.2743055555555556 0.02890625 0.05416666666666667
14 0.9324218750000001 0.9555555555555556 0.017968750000000002 0.036111111111111115
