0 0.56640625 0.5145833333333334 0.059375000000000004 0.08750000000000001
0 0.628125 0.51875 0.0421875 0.06527777777777778
0 0.6023437500000001 0.7069444444444445 0.0421875 0.05555555555555556
0 0.5578125 0.7312500000000001 0.028125 0.059722222222222225
0 0.585546875 0.7666666666666667 0.03828125 0.07222222222222223
0 0.6335937500000001 0.7847222222222222 0.035937500000000004 0.08055555555555556
0 0.669921875 0.80625 0.03515625 0.08750000000000001
0 0.620703125 0.34305555555555556 0.04609375 0.061111111111111116
1 0.669140625 0.47222222222222227 0.047656250000000004 0.075
1 0.6355468750000001 0.46319444444444446 0.041406250000000006 0.07083333333333333
1 0.6625000000000001 0.25833333333333336 0.043750000000000004 0.06944444444444445
1 0.6277343750000001 0.26180555555555557 0.041406250000000006 0.0763888888888889
1 0.5953125 0.23819444444444446 0.0390625 0.06527777777777778
14 0.9324218750000001 0.9520833333333334 0.01171875 0.034722222222222224
16 0.7546875000000001 0.29375 0.1328125 0.30972222222222223
