0 0.246484375 0.53125 0.04296875 0.07361111111111111
0 0.21640625000000002 0.6236111111111111 0.035937500000000004 0.06944444444444445
0 0.15390625000000002 0.7138888888888889 0.053125000000000006 0.08055555555555556
0 0.2890625 0.3590277777777778 0.034375 0.07361111111111111
0 0.338671875 0.3076388888888889 0.03359375 0.07083333333333333
0 0.31093750000000003 0.28611111111111115 0.03125 0.05555555555555556
1 0.273046875 0.3041666666666667 0.039843750000000004 0.0638888888888889
1 0.288671875 0.2652777777777778 0.03515625 0.07777777777777778
1 0.35078125000000004 0.26666666666666666 0.040625 0.058333333333333334
1 0.340625 0.10208333333333333 0.034375 0.051388888888888894
1 0.32539062500000004 0.07986111111111112 0.03515625 0.05416666666666667
1 0.36796875 0.09236111111111112 0.034375 0.051388888888888894
14 0.9339843750000001 0.95625 0.017968750000000002 0.0375
