0 0.6507812500000001 0.23750000000000002 0.040625 0.06944444444444445
0 0.7425781250000001 0.2715277777777778 0.047656250000000004 0.07083333333333333
0 0.7152343750000001 0.36875 0.041406250000000006 0.06527777777777778
0 0.7578125 0.45625000000000004 0.05 0.08194444444444444
0 0.7367187500000001 0.5590277777777778 0.026562500000000003 0.04027777777777778
0 0.7292968750000001 0.6131944444444445 0.03359375 0.0625
0 0.783203125 0.5770833333333334 0.02890625 0.07916666666666666
1 0.7109375 0.3201388888888889 0.034375 0.059722222222222225
1 0.6781250000000001 0.27361111111111114 0.029687500000000002 0.05277777777777778
1 0.7265625 0.21180555555555555 0.0390625 0.051388888888888894
16 0.6136718750000001 0.06597222222222222 0.07890625000000001 0.1125
