0 0.5375 0.5347222222222222 0.05 0.09722222222222222
0 0.44960937500000003 0.6243055555555556 0.039843750000000004 0.07361111111111111
0 0.384765625 0.6895833333333333 0.05078125 0.07083333333333333
0 0.390625 0.6236111111111111 0.051562500000000004 0.08333333333333334
0 0.455859375 0.3729166666666667 0.039843750000000004 0.06805555555555556
0 0.483203125 0.37222222222222223 0.03515625 0.07222222222222223
0 0.51796875 0.39513888888888893 0.0390625 0.07361111111111111
1 0.5378906250000001 0.3715277777777778 0.041406250000000006 0.05694444444444444
1 0.500390625 0.3479166666666667 0.02890625 0.051388888888888894
1 0.49140625000000004 0.24097222222222223 0.046875 0.08194444444444444
1 0.511328125 0.20069444444444445 0.03828125 0.07361111111111111
1 0.49609375 0.1638888888888889 0.034375 0.06666666666666667
1 0.468359375 0.16111111111111112 0.03828125 0.06666666666666667
14 0.933203125 0.9534722222222223 0.01171875 0.03194444444444445
16 0.618359375 0.06458333333333334 0.09609375 0.12916666666666668
