15 0.427734375 0.051388888888888894 0.08515625 0.025
16 0.7074218750000001 0.7590277777777779 0.15234375 0.3263888888888889
36 0.53671875 0.8944444444444445 0.028125 0.04722222222222222
1 0.4921875 0.5555555555555556 0.0671875 0.09722222222222222
1 0.520703125 0.5104166666666667 0.041406250000000006 0.10416666666666667
1 0.538671875 0.43333333333333335 0.047656250000000004 0.08888888888888889
1 0.6117187500000001 0.4013888888888889 0.0703125 0.10833333333333334
1 0.6160156250000001 0.33611111111111114 0.06171875 0.08055555555555556
1 0.6121093750000001 0.24305555555555555 0.047656250000000004 0.06666666666666667
16 0.705078125 0.7444444444444445 0.14140625 0.32222222222222224
37 0.7203125 0.3826388888888889 0.05625 0.08750000000000001
