0 0.539453125 0.6201388888888889 0.022656250000000003 0.04861111111111111
0 0.508203125 0.65 0.02421875 0.05277777777777778
0 0.53125 0.7055555555555556 0.021875000000000002 0.04722222222222222
0 0.594921875 0.6555555555555556 0.03359375 0.03888888888888889
0 0.587109375 0.5958333333333333 0.03515625 0.044444444444444446
0 0.57265625 0.4763888888888889 0.05625 0.08333333333333334
1 0.6109375 0.43819444444444444 0.028125 0.06527777777777778
1 0.577734375 0.2388888888888889 0.02421875 0.05
1 0.6140625000000001 0.2263888888888889 0.026562500000000003 0.044444444444444446
1 0.550390625 0.20972222222222223 0.02109375 0.04166666666666667
14 0.9320312500000001 0.951388888888889 0.0140625 0.03333333333333333
16 0.720703125 0.11527777777777778 0.12890625 0.18611111111111112
