24 0.6218750000000001 0.21458333333333335 0.1875 0.27361111111111114
16 0.40468750000000003 0.22777777777777777 0.1171875 0.2888888888888889
16 0.566015625 0.4798611111111111 0.10859375 0.2847222222222222
36 0.540234375 0.8965277777777778 0.02421875 0.034722222222222224
1 0.7917968750000001 0.49930555555555556 0.08359375000000001 0.10138888888888889
1 0.77109375 0.625 0.045312500000000006 0.07222222222222223
1 0.7449218750000001 0.763888888888889 0.06484375 0.09166666666666667
1 0.48164062500000004 0.5055555555555555 0.049218750000000006 0.08055555555555556
1 0.516015625 0.44930555555555557 0.05390625 0.08750000000000001
1 0.467578125 0.3993055555555556 0.05390625 0.07361111111111111
1 0.15703125 0.16180555555555556 0.0859375 0.10972222222222222
1 0.21601562500000002 0.14375000000000002 0.06953125 0.10972222222222222
1 0.290234375 0.12847222222222224 0.07109375 0.10416666666666667
1 0.36054687500000004 0.08402777777777778 0.06484375 0.09305555555555556
1 0.437109375 0.06527777777777778 0.07734375 0.1
