15 0.540234375 0.13472222222222222 0.08671875000000001 0.022222222222222223
36 0.530859375 0.89375 0.02734375 0.03194444444444445
1 0.44375000000000003 0.6347222222222223 0.065625 0.1
1 0.43476562500000004 0.59375 0.06328125 0.09305555555555556
1 0.40468750000000003 0.5368055555555555 0.0546875 0.08472222222222223
1 0.3765625 0.5520833333333334 0.043750000000000004 0.08194444444444444
1 0.36640625000000004 0.5048611111111111 0.040625 0.06805555555555556
0 0.2828125 0.6326388888888889 0.05625 0.06805555555555556
0 0.30546875 0.5798611111111112 0.0671875 0.0375
0 0.32539062500000004 0.5215277777777778 0.03515625 0.06527777777777778
0 0.17304687500000002 0.6180555555555556 0.05859375 0.0638888888888889
