0 0.343359375 0.49444444444444446 0.03828125 0.06666666666666667
0 0.205859375 0.6034722222222223 0.03828125 0.05416666666666667
0 0.17148437500000002 0.5479166666666667 0.02890625 0.059722222222222225
0 0.21406250000000002 0.5201388888888889 0.035937500000000004 0.059722222222222225
0 0.362109375 0.34652777777777777 0.049218750000000006 0.051388888888888894
1 0.38046875 0.4173611111111111 0.03125 0.05694444444444444
1 0.44375000000000003 0.2659722222222222 0.026562500000000003 0.043055555555555555
1 0.47500000000000003 0.1826388888888889 0.029687500000000002 0.05416666666666667
1 0.49375 0.13958333333333334 0.03125 0.04027777777777778
1 0.52265625 0.1590277777777778 0.0328125 0.04583333333333334
3 0.3921875 0.8458333333333333 0.0203125 0.03333333333333333
2 0.427734375 0.85 0.01953125 0.036111111111111115
2 0.46328125000000003 0.8541666666666667 0.0203125 0.03888888888888889
14 0.9320312500000001 0.9506944444444445 0.010937500000000001 0.04027777777777778
36 0.5320312500000001 0.8958333333333334 0.026562500000000003 0.05277777777777778
