1 0.40703125 0.43125 0.06875 0.10416666666666667
1 0.269140625 0.5875 0.057031250000000006 0.11944444444444445
1 0.431640625 0.31736111111111115 0.049218750000000006 0.07916666666666666
1 0.40859375000000003 0.25416666666666665 0.037500000000000006 0.058333333333333334
0 0.276953125 0.5 0.05390625 0.1
0 0.220703125 0.6493055555555556 0.06484375 0.13194444444444445
0 0.166796875 0.7083333333333334 0.04609375 0.061111111111111116
0 0.15390625000000002 0.7625000000000001 0.0390625 0.061111111111111116
0 0.189453125 0.775 0.04609375 0.075
0 0.228515625 0.7729166666666667 0.047656250000000004 0.09583333333333334
