0 0.560546875 0.3770833333333333 0.03828125 0.059722222222222225
0 0.5390625 0.3229166666666667 0.037500000000000006 0.05694444444444444
0 0.534765625 0.27708333333333335 0.03515625 0.05416666666666667
0 0.215234375 0.7493055555555556 0.041406250000000006 0.0763888888888889
0 0.2078125 0.6520833333333333 0.0484375 0.08194444444444444
0 0.17109375000000002 0.6048611111111112 0.0328125 0.0625
0 0.233203125 0.5694444444444444 0.03515625 0.06666666666666667
0 0.274609375 0.5083333333333333 0.047656250000000004 0.06666666666666667
0 0.28554687500000003 0.4548611111111111 0.039843750000000004 0.051388888888888894
1 0.6039062500000001 0.40902777777777777 0.059375000000000004 0.07083333333333333
1 0.598828125 0.3416666666666667 0.03515625 0.061111111111111116
1 0.566796875 0.3201388888888889 0.04296875 0.07083333333333333
1 0.7390625000000001 0.36041666666666666 0.0390625 0.059722222222222225
1 0.744140625 0.30972222222222223 0.05078125 0.05277777777777778
1 0.7125 0.2743055555555556 0.026562500000000003 0.04583333333333334
1 0.73046875 0.25277777777777777 0.034375 0.061111111111111116
1 0.6960937500000001 0.23333333333333334 0.040625 0.05555555555555556
14 0.9328125 0.951388888888889 0.0125 0.036111111111111115
15 0.31757812500000004 0.28402777777777777 0.06640625 0.034722222222222224
15 0.9089843750000001 0.1388888888888889 0.06953125 0.025
