0 0.515625 0.38472222222222224 0.046875 0.075
0 0.434375 0.41111111111111115 0.043750000000000004 0.0638888888888889
0 0.36757812500000003 0.37986111111111115 0.05078125 0.08194444444444444
0 0.346484375 0.4173611111111111 0.041406250000000006 0.05416666666666667
0 0.33632812500000003 0.34444444444444444 0.03359375 0.05
0 0.334765625 0.2888888888888889 0.03515625 0.058333333333333334
0 0.19492187500000002 0.29375 0.032031250000000004 0.051388888888888894
0 0.19296875000000002 0.34444444444444444 0.051562500000000004 0.05277777777777778
0 0.190234375 0.4118055555555556 0.03671875 0.05694444444444444
0 0.26406250000000003 0.4534722222222222 0.040625 0.06527777777777778
1 0.3953125 0.3201388888888889 0.034375 0.059722222222222225
1 0.36445312500000004 0.30625 0.030468750000000003 0.05416666666666667
1 0.3671875 0.2520833333333333 0.040625 0.059722222222222225
14 0.93359375 0.9569444444444445 0.015625 0.036111111111111115
16 0.6667968750000001 0.06875 0.08046875 0.12083333333333333
15 0.5484375 0.22222222222222224 0.07187500000000001 0.025
15 0.20234375000000002 0.5680555555555555 0.0859375 0.19166666666666668
3 0.42890625000000004 0.8965277777777778 0.021875000000000002 0.03194444444444445
