0 0.029687500000000002 0.33472222222222225 0.03125 0.05555555555555556
0 0.016015625000000002 0.2125 0.032031250000000004 0.058333333333333334
0 0.015234375000000001 0.38819444444444445 0.030468750000000003 0.02638888888888889
0 0.013281250000000001 0.43819444444444444 0.026562500000000003 0.05694444444444444
0 0.375 0.34097222222222223 0.034375 0.059722222222222225
0 0.376953125 0.3013888888888889 0.039843750000000004 0.044444444444444446
0 0.38125000000000003 0.25625000000000003 0.037500000000000006 0.05416666666666667
0 0.284375 0.275 0.053125000000000006 0.07222222222222223
1 0.48125 0.28958333333333336 0.060937500000000006 0.0625
1 0.5144531250000001 0.21666666666666667 0.032031250000000004 0.044444444444444446
1 0.491796875 0.18819444444444444 0.01953125 0.0375
1 0.46796875000000004 0.12361111111111112 0.029687500000000002 0.03333333333333333
1 0.25820312500000003 0.08680555555555555 0.025781250000000002 0.034722222222222224
1 0.27265625 0.10347222222222223 0.0234375 0.03194444444444445
3 0.425390625 0.8506944444444445 0.01640625 0.03194444444444445
2 0.463671875 0.851388888888889 0.02109375 0.025
