0 0.5703125 0.6201388888888889 0.046875 0.07916666666666666
0 0.516796875 0.49583333333333335 0.04453125 0.06944444444444445
1 0.586328125 0.53125 0.04453125 0.07361111111111111
1 0.53359375 0.5847222222222223 0.040625 0.058333333333333334
1 0.55078125 0.5041666666666667 0.040625 0.08333333333333334
1 0.5859375 0.3729166666666667 0.0546875 0.10694444444444445
1 0.6296875000000001 0.2798611111111111 0.0484375 0.0763888888888889
1 0.6628906250000001 0.30208333333333337 0.04453125 0.06527777777777778
1 0.665234375 0.23125 0.03515625 0.05694444444444444
16 0.7234375000000001 0.34097222222222223 0.11406250000000001 0.29583333333333334
15 0.562109375 0.19375 0.055468750000000004 0.02638888888888889
3 0.427734375 0.8972222222222223 0.017968750000000002 0.025
