15 0.63671875 0.09583333333333334 0.07968750000000001 0.016666666666666666
1 0.6160156250000001 0.325 0.025781250000000002 0.05277777777777778
1 0.562109375 0.2555555555555556 0.025781250000000002 0.05555555555555556
1 0.499609375 0.43333333333333335 0.025781250000000002 0.044444444444444446
1 0.46953125 0.4027777777777778 0.029687500000000002 0.04166666666666667
1 0.43867187500000004 0.38958333333333334 0.030468750000000003 0.051388888888888894
1 0.47968750000000004 0.2847222222222222 0.037500000000000006 0.061111111111111116
1 0.499609375 0.23819444444444446 0.02109375 0.04027777777777778
1 0.526953125 0.23194444444444445 0.02734375 0.04722222222222222
1 0.45039062500000004 0.19791666666666669 0.02421875 0.051388888888888894
15 0.6414062500000001 0.07777777777777778 0.07968750000000001 0.016666666666666666
