15 0.6203125 0.18194444444444446 0.084375 0.019444444444444445
1 0.853125 0.22986111111111113 0.053125000000000006 0.08472222222222223
1 0.830078125 0.18680555555555556 0.03515625 0.06805555555555556
1 0.7972656250000001 0.15833333333333333 0.04453125 0.07777777777777778
1 0.7175781250000001 0.1625 0.06328125 0.11111111111111112
0 0.71484375 0.3506944444444445 0.040625 0.0763888888888889
0 0.75 0.3194444444444445 0.060937500000000006 0.1
0 0.7000000000000001 0.2847222222222222 0.0421875 0.06944444444444445
0 0.7406250000000001 0.23819444444444446 0.051562500000000004 0.07916666666666666
0 0.773046875 0.1951388888888889 0.04296875 0.06805555555555556
0 0.794921875 0.18125 0.03359375 0.06805555555555556
0 0.6136718750000001 0.19930555555555557 0.039843750000000004 0.06805555555555556
0 0.566015625 0.29791666666666666 0.047656250000000004 0.07083333333333333
0 0.5984375000000001 0.37430555555555556 0.059375000000000004 0.09861111111111112
