15 0.8250000000000001 0.29375 0.084375 0.018055555555555557
36 0.5328125 0.8909722222222223 0.018750000000000003 0.03194444444444445
1 0.7273437500000001 0.4256944444444445 0.0625 0.10972222222222222
1 0.7898437500000001 0.39305555555555555 0.06406250000000001 0.09166666666666667
1 0.8871093750000001 0.35347222222222224 0.04453125 0.0625
1 0.8894531250000001 0.42083333333333334 0.05078125 0.0638888888888889
1 0.9234375 0.45972222222222225 0.034375 0.06944444444444445
0 0.6875 0.4625 0.06406250000000001 0.08055555555555556
0 0.666015625 0.5576388888888889 0.06015625 0.11805555555555557
0 0.620703125 0.6645833333333333 0.06171875 0.10416666666666667
0 0.601171875 0.5416666666666667 0.05078125 0.10277777777777779
0 0.55859375 0.5465277777777778 0.05 0.08194444444444444
