1 0.534375 0.3368055555555556 0.059375000000000004 0.04861111111111111
1 0.538671875 0.38125000000000003 0.03359375 0.05416666666666667
1 0.5390625 0.45416666666666666 0.051562500000000004 0.07777777777777778
1 0.575390625 0.45833333333333337 0.04296875 0.10833333333333334
1 0.38125000000000003 0.4465277777777778 0.05625 0.07916666666666666
1 0.41171875 0.5041666666666667 0.0671875 0.09166666666666667
1 0.31093750000000003 0.6847222222222222 0.051562500000000004 0.06944444444444445
1 0.637890625 0.24722222222222223 0.057031250000000006 0.07777777777777778
1 0.6550781250000001 0.29791666666666666 0.047656250000000004 0.07361111111111111
1 0.681640625 0.35000000000000003 0.05234375 0.07777777777777778
0 0.4078125 0.5944444444444444 0.045312500000000006 0.09722222222222222
0 0.40078125000000003 0.5604166666666667 0.0484375 0.06527777777777778
0 0.36250000000000004 0.5458333333333334 0.035937500000000004 0.06666666666666667
