1 0.403125 0.6263888888888889 0.043750000000000004 0.0638888888888889
1 0.36757812500000003 0.7138888888888889 0.039843750000000004 0.08055555555555556
1 0.3046875 0.6131944444444445 0.05 0.08750000000000001
1 0.19765625 0.6541666666666667 0.045312500000000006 0.061111111111111116
1 0.223046875 0.8326388888888889 0.030468750000000003 0.04583333333333334
0 0.140625 0.7506944444444444 0.0765625 0.10972222222222222
0 0.225 0.7097222222222223 0.040625 0.06944444444444445
0 0.2578125 0.6465277777777778 0.028125 0.0625
0 0.29140625000000003 0.8347222222222223 0.029687500000000002 0.05277777777777778
0 0.172265625 0.9743055555555556 0.02109375 0.04583333333333334
14 0.9324218750000001 0.9548611111111112 0.014843750000000001 0.029166666666666667
