0 0.6203125 0.40555555555555556 0.0421875 0.08611111111111111
0 0.67890625 0.41458333333333336 0.0390625 0.07083333333333333
0 0.6570312500000001 0.3763888888888889 0.037500000000000006 0.061111111111111116
0 0.5078125 0.48055555555555557 0.065625 0.05555555555555556
0 0.495703125 0.5444444444444445 0.06484375 0.058333333333333334
0 0.6015625 0.7625000000000001 0.045312500000000006 0.07777777777777778
0 0.593359375 0.7298611111111112 0.039843750000000004 0.06527777777777778
0 0.677734375 0.6944444444444444 0.06796875000000001 0.09166666666666667
0 0.701171875 0.5569444444444445 0.06640625 0.09444444444444444
0 0.628125 0.5222222222222223 0.045312500000000006 0.061111111111111116
0 0.7781250000000001 0.4979166666666667 0.034375 0.06527777777777778
1 0.30546875 0.08750000000000001 0.059375000000000004 0.06666666666666667
1 0.37421875000000004 0.09791666666666667 0.043750000000000004 0.04861111111111111
1 0.41484375 0.0951388888888889 0.040625 0.06527777777777778
1 0.46171875 0.20277777777777778 0.0546875 0.075
1 0.7777343750000001 0.30972222222222223 0.06015625 0.058333333333333334
1 0.8074218750000001 0.3875 0.05234375 0.07222222222222223
1 0.7515625 0.40694444444444444 0.0421875 0.05555555555555556
1 0.7136718750000001 0.36180555555555555 0.03828125 0.05416666666666667
1 0.6839843750000001 0.3666666666666667 0.03359375 0.04166666666666667
1 0.716015625 0.4756944444444445 0.03828125 0.05694444444444444
1 0.755859375 0.55 0.032031250000000004 0.0638888888888889
16 0.76171875 0.14652777777777778 0.08750000000000001 0.23750000000000002
15 0.7156250000000001 0.1826388888888889 0.084375 0.018055555555555557
24 0.9128906250000001 0.14444444444444446 0.11015625000000001 0.15833333333333333
