37 0.540625 0.5180555555555556 0.06406250000000001 0.08888888888888889
37 0.3484375 0.30069444444444443 0.046875 0.06527777777777778
37 0.40234375 0.022222222222222223 0.0484375 0.030555555555555558
1 0.3984375 0.5590277777777778 0.0484375 0.08472222222222223
1 0.39609375 0.42986111111111114 0.0421875 0.06805555555555556
1 0.4859375 0.28125 0.059375000000000004 0.09583333333333334
1 0.501171875 0.22013888888888888 0.05390625 0.051388888888888894
1 0.47109375000000003 0.19861111111111113 0.060937500000000006 0.06944444444444445
0 0.45820312500000004 0.5770833333333334 0.06171875 0.11527777777777778
0 0.43203125000000003 0.6416666666666667 0.045312500000000006 0.0638888888888889
0 0.38984375000000004 0.6604166666666667 0.043750000000000004 0.07916666666666666
0 0.421484375 0.6916666666666667 0.04453125 0.08888888888888889
