0 0.36445312500000004 0.08680555555555555 0.03359375 0.05416666666666667
0 0.23750000000000002 0.4951388888888889 0.037500000000000006 0.0763888888888889
0 0.18125000000000002 0.6055555555555556 0.043750000000000004 0.07222222222222223
0 0.091796875 0.7298611111111112 0.041406250000000006 0.07361111111111111
0 0.014843750000000001 0.8173611111111111 0.029687500000000002 0.059722222222222225
1 0.40156250000000004 0.08888888888888889 0.035937500000000004 0.058333333333333334
1 0.339453125 0.09097222222222223 0.047656250000000004 0.06805555555555556
1 0.4140625 0.04861111111111111 0.035937500000000004 0.05
14 0.9320312500000001 0.9548611111111112 0.018750000000000003 0.04027777777777778
3 0.42695312500000004 0.8944444444444445 0.017968750000000002 0.030555555555555558
