0 0.562890625 0.36388888888888893 0.047656250000000004 0.07777777777777778
15 0.688671875 0.12361111111111112 0.08515625 0.016666666666666666
1 0.7445312500000001 0.3388888888888889 0.0484375 0.09166666666666667
1 0.675 0.32708333333333334 0.06875 0.10694444444444445
1 0.804296875 0.30208333333333337 0.05390625 0.08750000000000001
1 0.8015625000000001 0.36388888888888893 0.053125000000000006 0.07222222222222223
0 0.51171875 0.5916666666666667 0.059375000000000004 0.10555555555555556
0 0.534765625 0.5513888888888889 0.039843750000000004 0.08055555555555556
0 0.5691406250000001 0.5701388888888889 0.04609375 0.08750000000000001
0 0.60078125 0.5951388888888889 0.03125 0.09583333333333334
0 0.6375000000000001 0.6138888888888889 0.0390625 0.10277777777777779
0 0.46914062500000003 0.49097222222222225 0.05078125 0.09861111111111112
0 0.517578125 0.48888888888888893 0.04453125 0.09722222222222222
0 0.587109375 0.39583333333333337 0.030468750000000003 0.08055555555555556
0 0.63984375 0.4256944444444445 0.035937500000000004 0.08750000000000001
0 0.603125 0.3472222222222222 0.0328125 0.0638888888888889
