0 0.28515625 0.6361111111111112 0.053125000000000006 0.07777777777777778
0 0.307421875 0.5111111111111112 0.049218750000000006 0.06944444444444445
0 0.35390625000000003 0.5013888888888889 0.0328125 0.07222222222222223
0 0.176171875 0.5291666666666667 0.041406250000000006 0.061111111111111116
0 0.1421875 0.5784722222222223 0.065625 0.059722222222222225
0 0.143359375 0.6763888888888889 0.04609375 0.07222222222222223
1 0.43789062500000003 0.2881944444444445 0.04609375 0.08472222222222223
1 0.45429687500000004 0.25416666666666665 0.03515625 0.05555555555555556
1 0.444140625 0.17777777777777778 0.03828125 0.04722222222222222
1 0.51796875 0.20833333333333334 0.051562500000000004 0.05277777777777778
1 0.5222656250000001 0.16805555555555557 0.030468750000000003 0.05277777777777778
1 0.53046875 0.13472222222222222 0.026562500000000003 0.04722222222222222
15 0.43125 0.04722222222222222 0.0921875 0.03333333333333333
15 0.37226562500000004 0.3840277777777778 0.05234375 0.034722222222222224
