15 0.6484375 0.16597222222222222 0.08281250000000001 0.015277777777777779
0 0.569921875 0.43680555555555556 0.04609375 0.10694444444444445
1 0.7484375000000001 0.2902777777777778 0.046875 0.07777777777777778
1 0.8285156250000001 0.2215277777777778 0.047656250000000004 0.10138888888888889
1 0.862890625 0.16319444444444445 0.04296875 0.09027777777777778
1 0.919921875 0.09652777777777778 0.07265625 0.1125
0 0.566015625 0.5826388888888889 0.055468750000000004 0.08750000000000001
0 0.5886718750000001 0.6451388888888889 0.05390625 0.07916666666666666
0 0.4703125 0.7833333333333333 0.06406250000000001 0.08055555555555556
0 0.6429687500000001 0.5083333333333333 0.040625 0.07222222222222223
0 0.673828125 0.5597222222222222 0.04609375 0.11111111111111112
0 0.6394531250000001 0.4527777777777778 0.030468750000000003 0.05277777777777778
0 0.6667968750000001 0.40694444444444444 0.05078125 0.09444444444444444
0 0.60703125 0.4652777777777778 0.0328125 0.08611111111111111
0 0.7136718750000001 0.33263888888888893 0.05234375 0.09027777777777778
