15 0.805859375 0.24027777777777778 0.08515625 0.019444444444444445
36 0.53359375 0.8951388888888889 0.028125 0.04027777777777778
1 0.8542968750000001 0.5694444444444444 0.06328125 0.08888888888888889
1 0.8328125000000001 0.5125000000000001 0.0421875 0.07222222222222223
1 0.813671875 0.4527777777777778 0.03671875 0.0638888888888889
1 0.763671875 0.42083333333333334 0.07265625 0.11111111111111112
0 0.571875 0.5125000000000001 0.06875 0.08888888888888889
0 0.563671875 0.5895833333333333 0.05390625 0.09583333333333334
0 0.618359375 0.6666666666666667 0.06015625 0.10277777777777779
0 0.727734375 0.5180555555555556 0.06640625 0.11111111111111112
0 0.7125 0.4326388888888889 0.05 0.07916666666666666
