15 0.7234375000000001 0.008333333333333333 0.084375 0.016666666666666666
1 0.80078125 0.2881944444444445 0.065625 0.09861111111111112
1 0.868359375 0.19236111111111112 0.05390625 0.10138888888888889
0 0.599609375 0.36944444444444446 0.06171875 0.07777777777777778
0 0.535546875 0.45625000000000004 0.06015625 0.10138888888888889
0 0.5769531250000001 0.5368055555555555 0.05859375 0.08750000000000001
0 0.560546875 0.5951388888888889 0.05234375 0.07083333333333333
0 0.60078125 0.6180555555555556 0.0421875 0.075
0 0.591015625 0.7083333333333334 0.06015625 0.061111111111111116
0 0.60078125 0.7784722222222222 0.045312500000000006 0.059722222222222225
0 0.628125 0.8 0.025 0.06944444444444445
