0 0.59296875 0.44930555555555557 0.0328125 0.051388888888888894
0 0.6046875 0.50625 0.0328125 0.05694444444444444
0 0.63671875 0.5090277777777777 0.037500000000000006 0.05416666666666667
0 0.634765625 0.29375 0.03671875 0.06805555555555556
0 0.58828125 0.2451388888888889 0.025 0.04861111111111111
0 0.55390625 0.23611111111111113 0.0203125 0.05
15 0.46718750000000003 0.23680555555555557 0.09375 0.020833333333333336
1 0.553125 0.20069444444444445 0.03125 0.0375
15 0.58203125 0.20486111111111113 0.025 0.03194444444444445
15 0.6234375000000001 0.22986111111111113 0.03125 0.04027777777777778
15 0.6125 0.1527777777777778 0.040625 0.07777777777777778
15 0.593359375 0.06527777777777778 0.02109375 0.03333333333333333
15 0.566796875 0.030555555555555558 0.022656250000000003 0.044444444444444446
