0 0.39453125 0.5986111111111111 0.0484375 0.07222222222222223
0 0.45703125 0.5069444444444444 0.0390625 0.075
0 0.42500000000000004 0.46805555555555556 0.037500000000000006 0.06944444444444445
0 0.499609375 0.5236111111111111 0.03828125 0.0638888888888889
0 0.533203125 0.5625 0.03515625 0.0638888888888889
0 0.560546875 0.5534722222222223 0.047656250000000004 0.07083333333333333
0 0.45390625 0.40555555555555556 0.051562500000000004 0.08888888888888889
1 0.48867187500000003 0.44236111111111115 0.032031250000000004 0.059722222222222225
1 0.50625 0.4041666666666667 0.0421875 0.07222222222222223
1 0.42812500000000003 0.29444444444444445 0.053125000000000006 0.06944444444444445
1 0.49648437500000003 0.23958333333333334 0.05234375 0.08472222222222223
1 0.42695312500000004 0.19930555555555557 0.047656250000000004 0.0625
