0 0.5535156250000001 0.4916666666666667 0.04453125 0.08333333333333334
0 0.6175781250000001 0.5375 0.04296875 0.058333333333333334
0 0.653515625 0.5625 0.039843750000000004 0.05555555555555556
0 0.655859375 0.6027777777777777 0.06171875 0.07222222222222223
1 0.59296875 0.22013888888888888 0.0328125 0.05416666666666667
1 0.6253906250000001 0.2152777777777778 0.03515625 0.0638888888888889
1 0.661328125 0.2111111111111111 0.03515625 0.058333333333333334
14 0.93359375 0.9576388888888889 0.015625 0.03194444444444445
15 0.47968750000000004 0.425 0.07968750000000001 0.02777777777777778
3 0.42734375 0.8986111111111111 0.0171875 0.02777777777777778
