15 0.615234375 0.22569444444444445 0.08671875000000001 0.02638888888888889
1 0.534765625 0.4104166666666667 0.05390625 0.09583333333333334
1 0.49453125000000003 0.37083333333333335 0.034375 0.05555555555555556
1 0.583984375 0.40208333333333335 0.06171875 0.08194444444444444
1 0.622265625 0.39513888888888893 0.04296875 0.0763888888888889
1 0.666015625 0.3055555555555556 0.041406250000000006 0.07222222222222223
1 0.70859375 0.28194444444444444 0.0421875 0.0638888888888889
1 0.692578125 0.24166666666666667 0.039843750000000004 0.05555555555555556
1 0.65390625 0.2138888888888889 0.043750000000000004 0.06944444444444445
1 0.69140625 0.19583333333333333 0.034375 0.075
1 0.6984375 0.16180555555555556 0.045312500000000006 0.07361111111111111
0 0.439453125 0.5958333333333333 0.07578125000000001 0.12222222222222223
0 0.444140625 0.4756944444444445 0.04296875 0.09861111111111112
0 0.40625 0.46597222222222223 0.06406250000000001 0.12638888888888888
0 0.53046875 0.4444444444444445 0.0484375 0.08333333333333334
0 0.577734375 0.42847222222222225 0.041406250000000006 0.09305555555555556
