0 0.49609375 0.5131944444444445 0.037500000000000006 0.05416666666666667
0 0.496875 0.6034722222222223 0.043750000000000004 0.04583333333333334
0 0.539453125 0.7000000000000001 0.03515625 0.06944444444444445
0 0.5546875 0.5993055555555555 0.0390625 0.08472222222222223
0 0.6078125000000001 0.5180555555555556 0.0234375 0.04722222222222222
0 0.6179687500000001 0.45069444444444445 0.035937500000000004 0.06527777777777778
1 0.5671875000000001 0.5048611111111111 0.026562500000000003 0.04583333333333334
1 0.580078125 0.4326388888888889 0.01953125 0.034722222222222224
1 0.650390625 0.5208333333333334 0.02421875 0.04722222222222222
1 0.757421875 0.4861111111111111 0.02734375 0.04722222222222222
1 0.794140625 0.50625 0.022656250000000003 0.034722222222222224
1 0.8 0.4104166666666667 0.026562500000000003 0.0375
1 0.697265625 0.4743055555555556 0.05390625 0.051388888888888894
1 0.687109375 0.6895833333333333 0.03359375 0.05694444444444444
1 0.6996093750000001 0.6458333333333334 0.030468750000000003 0.06666666666666667
1 0.723828125 0.6062500000000001 0.03515625 0.05416666666666667
1 0.6917968750000001 0.5791666666666667 0.03515625 0.06666666666666667
1 0.68515625 0.5236111111111111 0.029687500000000002 0.04166666666666667
