15 0.637890625 0.4013888888888889 0.08515625 0.025
15 0.7406250000000001 0.5208333333333334 0.0890625 0.02777777777777778
1 0.5632812500000001 0.5798611111111112 0.084375 0.13194444444444445
1 0.52890625 0.6798611111111111 0.05 0.09027777777777778
1 0.53828125 0.7597222222222223 0.040625 0.08055555555555556
1 0.689453125 0.6916666666666667 0.06484375 0.06944444444444445
1 0.7058593750000001 0.7659722222222223 0.06171875 0.07361111111111111
1 0.6937500000000001 0.6152777777777778 0.046875 0.075
0 0.46992187500000004 0.7465277777777778 0.05078125 0.06805555555555556
0 0.48828125 0.795138888888889 0.0625 0.07083333333333333
