15 0.612890625 0.1486111111111111 0.08359375000000001 0.016666666666666666
1 0.5375 0.41111111111111115 0.028125 0.0638888888888889
1 0.4140625 0.4986111111111111 0.028125 0.05277777777777778
1 0.3796875 0.4861111111111111 0.0234375 0.04166666666666667
1 0.40742187500000004 0.45625000000000004 0.02734375 0.034722222222222224
1 0.38906250000000003 0.3625 0.037500000000000006 0.07222222222222223
1 0.49648437500000003 0.3041666666666667 0.022656250000000003 0.036111111111111115
1 0.468359375 0.27847222222222223 0.025781250000000002 0.051388888888888894
1 0.432421875 0.2902777777777778 0.025781250000000002 0.044444444444444446
1 0.36445312500000004 0.26666666666666666 0.03515625 0.05277777777777778
