36 0.53515625 0.8895833333333334 0.025 0.04027777777777778
1 0.48359375000000004 0.28402777777777777 0.040625 0.0763888888888889
1 0.49726562500000004 0.22777777777777777 0.04296875 0.07222222222222223
1 0.4890625 0.17569444444444446 0.0390625 0.059722222222222225
1 0.448828125 0.28055555555555556 0.07734375 0.09444444444444444
1 0.40234375 0.275 0.05 0.08055555555555556
1 0.36484375 0.26875 0.0421875 0.06527777777777778
0 0.3046875 0.5097222222222222 0.0578125 0.09722222222222222
0 0.32656250000000003 0.4625 0.060937500000000006 0.09166666666666667
0 0.30312500000000003 0.38125000000000003 0.059375000000000004 0.10416666666666667
0 0.350390625 0.3854166666666667 0.06640625 0.1125
0 0.377734375 0.36041666666666666 0.05078125 0.07083333333333333
0 0.330859375 0.2673611111111111 0.07109375 0.08750000000000001
0 0.2421875 0.40694444444444444 0.046875 0.08055555555555556
0 0.195703125 0.44236111111111115 0.04609375 0.059722222222222225
0 0.21406250000000002 0.48541666666666666 0.051562500000000004 0.08750000000000001
