0 0.4078125 0.5840277777777778 0.051562500000000004 0.06805555555555556
0 0.41796875 0.5104166666666667 0.0390625 0.07361111111111111
0 0.251953125 0.5833333333333334 0.05390625 0.04722222222222222
0 0.22617187500000002 0.6861111111111111 0.06640625 0.05277777777777778
0 0.232421875 0.75 0.06484375 0.061111111111111116
1 0.41171875 0.42083333333333334 0.0390625 0.06666666666666667
1 0.3921875 0.3458333333333333 0.028125 0.04166666666666667
1 0.7546875000000001 0.9222222222222223 0.034375 0.06944444444444445
1 0.38906250000000003 0.8402777777777778 0.040625 0.044444444444444446
24 0.570703125 0.6243055555555556 0.21328125 0.3680555555555556
