0 0.286328125 0.4965277777777778 0.057031250000000006 0.06805555555555556
0 0.275390625 0.43819444444444444 0.041406250000000006 0.0625
0 0.28750000000000003 0.3527777777777778 0.045312500000000006 0.061111111111111116
0 0.40468750000000003 0.2673611111111111 0.0390625 0.051388888888888894
0 0.43281250000000004 0.32430555555555557 0.035937500000000004 0.05416666666666667
0 0.46640625 0.3145833333333333 0.0421875 0.05694444444444444
1 0.52109375 0.15972222222222224 0.029687500000000002 0.0638888888888889
1 0.501171875 0.14027777777777778 0.030468750000000003 0.061111111111111116
1 0.5437500000000001 0.14097222222222222 0.03125 0.05694444444444444
1 0.47265625 0.2673611111111111 0.0421875 0.05694444444444444
1 0.4375 0.2881944444444445 0.025 0.0375
1 0.419921875 0.24444444444444446 0.02734375 0.05555555555555556
