15 0.688671875 0.20486111111111113 0.08671875000000001 0.020833333333333336
0 0.53359375 0.4215277777777778 0.046875 0.08472222222222223
1 0.7800781250000001 0.3229166666666667 0.04609375 0.09583333333333334
1 0.8171875000000001 0.3680555555555556 0.051562500000000004 0.07777777777777778
1 0.6390625000000001 0.42708333333333337 0.045312500000000006 0.10416666666666667
1 0.6175781250000001 0.38125000000000003 0.041406250000000006 0.0763888888888889
1 0.626171875 0.6673611111111112 0.055468750000000004 0.10972222222222222
0 0.591015625 0.4902777777777778 0.032031250000000004 0.06944444444444445
0 0.599609375 0.42986111111111114 0.025781250000000002 0.06805555555555556
0 0.590234375 0.36875 0.032031250000000004 0.08194444444444444
0 0.452734375 0.50625 0.06171875 0.07916666666666666
0 0.459765625 0.5604166666666667 0.049218750000000006 0.10416666666666667
0 0.46914062500000003 0.6027777777777777 0.03828125 0.08055555555555556
0 0.508203125 0.6527777777777778 0.05078125 0.08888888888888889
0 0.53046875 0.7055555555555556 0.0484375 0.09166666666666667
0 0.583984375 0.7138888888888889 0.06640625 0.10555555555555556
0 0.590234375 0.5805555555555556 0.05234375 0.09166666666666667
