0 0.7000000000000001 0.14722222222222223 0.035937500000000004 0.058333333333333334
0 0.6664062500000001 0.07361111111111111 0.043750000000000004 0.04722222222222222
0 0.632421875 0.05416666666666667 0.032031250000000004 0.05555555555555556
1 0.7273437500000001 0.13611111111111113 0.037500000000000006 0.0638888888888889
1 0.786328125 0.07013888888888889 0.039843750000000004 0.06805555555555556
1 0.75546875 0.04791666666666667 0.0328125 0.05694444444444444
1 0.916015625 0.09722222222222222 0.05078125 0.06944444444444445
1 0.90546875 0.05486111111111111 0.037500000000000006 0.04583333333333334
15 0.40390625 0.37777777777777777 0.08281250000000001 0.19722222222222224
15 0.314453125 0.2777777777777778 0.06015625 0.036111111111111115
