24 0.669140625 0.2465277777777778 0.18671875000000002 0.2902777777777778
16 0.6492187500000001 0.5340277777777778 0.1296875 0.2625
16 0.46523437500000003 0.275 0.07890625000000001 0.3138888888888889
36 0.5398437500000001 0.9013888888888889 0.0234375 0.03888888888888889
1 0.394140625 0.13125 0.05859375 0.07361111111111111
1 0.35664062500000004 0.1486111111111111 0.05390625 0.08611111111111111
1 0.26484375 0.16666666666666669 0.06406250000000001 0.08611111111111111
1 0.19609375 0.19583333333333333 0.0671875 0.09444444444444444
1 0.11640625 0.21041666666666667 0.078125 0.09305555555555556
1 0.520703125 0.4277777777777778 0.04296875 0.061111111111111116
1 0.532421875 0.4666666666666667 0.03671875 0.05555555555555556
1 0.56953125 0.4756944444444445 0.0546875 0.09861111111111112
