0 0.634375 0.3840277777777778 0.021875000000000002 0.05694444444444444
0 0.608984375 0.35208333333333336 0.017968750000000002 0.05416666666666667
0 0.551953125 0.35208333333333336 0.030468750000000003 0.05416666666666667
0 0.53515625 0.31180555555555556 0.025 0.04583333333333334
0 0.505078125 0.3125 0.02421875 0.04722222222222222
0 0.5734375 0.225 0.0390625 0.05555555555555556
0 0.6179687500000001 0.19652777777777777 0.0203125 0.04861111111111111
0 0.6394531250000001 0.19097222222222224 0.01953125 0.043055555555555555
0 0.667578125 0.18194444444444446 0.02109375 0.05277777777777778
16 0.6468750000000001 0.10833333333333334 0.15625 0.1638888888888889
