13 0.603515625 0.09791666666666667 0.11796875000000001 0.14027777777777778
2 0.42695312500000004 0.85 0.02109375 0.030555555555555558
2 0.46210937500000004 0.8465277777777778 0.01640625 0.029166666666666667
0 0.37617187500000004 0.44375000000000003 0.03828125 0.06527777777777778
0 0.55234375 0.37430555555555556 0.0328125 0.0625
0 0.53515625 0.2826388888888889 0.053125000000000006 0.09861111111111112
0 0.444921875 0.27222222222222225 0.01953125 0.022222222222222223
0 0.47304687500000003 0.28194444444444444 0.017968750000000002 0.030555555555555558
0 0.494921875 0.30625 0.02890625 0.018055555555555557
1 0.5320312500000001 0.12083333333333333 0.021875000000000002 0.019444444444444445
1 0.5320312500000001 0.029861111111111113 0.0234375 0.04583333333333334
