0 0.39882812500000003 0.7937500000000001 0.02734375 0.04861111111111111
0 0.464453125 0.7805555555555556 0.032031250000000004 0.058333333333333334
0 0.48125 0.6041666666666667 0.028125 0.05555555555555556
0 0.51171875 0.5902777777777778 0.025 0.05277777777777778
0 0.533203125 0.5270833333333333 0.02734375 0.05416666666666667
0 0.509375 0.4305555555555556 0.028125 0.058333333333333334
16 0.646484375 0.12569444444444444 0.12734375 0.22083333333333335
1 0.43828125 0.09791666666666667 0.0171875 0.04583333333333334
1 0.45859375 0.06666666666666667 0.0171875 0.044444444444444446
1 0.48750000000000004 0.03680555555555556 0.018750000000000003 0.04861111111111111
1 0.531640625 0.04097222222222222 0.032031250000000004 0.059722222222222225
