0 0.5457031250000001 0.45555555555555555 0.02734375 0.044444444444444446
0 0.51484375 0.4826388888888889 0.0203125 0.051388888888888894
0 0.498046875 0.5347222222222222 0.041406250000000006 0.05277777777777778
0 0.503515625 0.375 0.049218750000000006 0.08333333333333334
0 0.3921875 0.2611111111111111 0.029687500000000002 0.03333333333333333
0 0.4265625 0.25069444444444444 0.037500000000000006 0.051388888888888894
0 0.468359375 0.27847222222222223 0.02734375 0.04861111111111111
1 0.46992187500000004 0.22430555555555556 0.030468750000000003 0.04583333333333334
15 0.22109375 0.15763888888888888 0.0859375 0.015277777777777779
13 0.585546875 0.07361111111111111 0.11484375000000001 0.12222222222222223
