0 0.6296875000000001 0.4138888888888889 0.05 0.06944444444444445
0 0.66953125 0.33472222222222225 0.045312500000000006 0.06944444444444445
0 0.5867187500000001 0.4048611111111111 0.034375 0.0763888888888889
0 0.44453125000000004 0.46875 0.037500000000000006 0.051388888888888894
0 0.4703125 0.45625000000000004 0.046875 0.0625
0 0.432421875 0.41805555555555557 0.03515625 0.04722222222222222
1 0.6136718750000001 0.33194444444444443 0.03671875 0.058333333333333334
1 0.57421875 0.34444444444444444 0.035937500000000004 0.05277777777777778
14 0.9324218750000001 0.9520833333333334 0.013281250000000001 0.03194444444444445
16 0.8187500000000001 0.2465277777777778 0.1234375 0.3458333333333333
