0 0.29375 0.6673611111111112 0.046875 0.07361111111111111
0 0.29375 0.5611111111111111 0.040625 0.06666666666666667
0 0.33828125000000003 0.5222222222222223 0.0484375 0.075
0 0.30898437500000003 0.3027777777777778 0.030468750000000003 0.075
0 0.325 0.3090277777777778 0.034375 0.0763888888888889
0 0.378515625 0.32222222222222224 0.02890625 0.0638888888888889
0 0.41132812500000004 0.3076388888888889 0.03828125 0.07083333333333333
0 0.472265625 0.19166666666666668 0.06015625 0.07777777777777778
0 0.34921875 0.2013888888888889 0.034375 0.061111111111111116
0 0.345703125 0.27569444444444446 0.022656250000000003 0.04861111111111111
