15 0.53828125 0.3791666666666667 0.065625 0.016666666666666666
1 0.659765625 0.425 0.02421875 0.04166666666666667
1 0.680859375 0.4590277777777778 0.030468750000000003 0.03194444444444445
1 0.6898437500000001 0.49722222222222223 0.034375 0.04166666666666667
1 0.696484375 0.5361111111111111 0.041406250000000006 0.05555555555555556
1 0.6265625 0.3541666666666667 0.0234375 0.044444444444444446
1 0.654296875 0.3715277777777778 0.022656250000000003 0.0375
1 0.584375 0.3090277777777778 0.034375 0.05416666666666667
0 0.48164062500000004 0.5027777777777778 0.017968750000000002 0.030555555555555558
0 0.49921875000000004 0.5284722222222222 0.0140625 0.03194444444444445
0 0.44296875 0.5409722222222222 0.043750000000000004 0.04583333333333334
0 0.35195312500000003 0.5034722222222222 0.05078125 0.06527777777777778
0 0.22890625 0.5576388888888889 0.035937500000000004 0.04861111111111111
