0 0.361328125 0.49722222222222223 0.039843750000000004 0.07777777777777778
0 0.36953125000000003 0.42291666666666666 0.03125 0.0625
0 0.33515625000000004 0.42430555555555555 0.0421875 0.06805555555555556
0 0.201953125 0.5618055555555556 0.05859375 0.08194444444444444
0 0.19140625 0.5118055555555556 0.040625 0.059722222222222225
0 0.136328125 0.5201388888888889 0.05234375 0.07083333333333333
1 0.42109375000000004 0.43472222222222223 0.0484375 0.06666666666666667
1 0.37148437500000003 0.37569444444444444 0.041406250000000006 0.0625
1 0.394140625 0.27708333333333335 0.04453125 0.07083333333333333
1 0.38828125 0.22916666666666669 0.03125 0.04722222222222222
1 0.35078125000000004 0.2513888888888889 0.035937500000000004 0.044444444444444446
15 0.31171875000000004 0.1277777777777778 0.0484375 0.030555555555555558
15 0.39687500000000003 0.07361111111111111 0.08750000000000001 0.02777777777777778
