15 0.5808593750000001 0.28750000000000003 0.08671875000000001 0.016666666666666666
15 0.55234375 0.08611111111111111 0.0859375 0.022222222222222223
1 0.625 0.31666666666666665 0.0421875 0.058333333333333334
1 0.554296875 0.2777777777777778 0.032031250000000004 0.05277777777777778
1 0.5734375 0.24930555555555556 0.03125 0.04861111111111111
0 0.5609375 0.5805555555555556 0.05625 0.10555555555555556
0 0.605078125 0.5951388888888889 0.04453125 0.1375
0 0.648046875 0.5597222222222222 0.04453125 0.11111111111111112
0 0.525390625 0.5180555555555556 0.05859375 0.12222222222222223
0 0.5671875000000001 0.4777777777777778 0.05 0.10833333333333334
