0 0.38593750000000004 0.22222222222222224 0.0390625 0.06666666666666667
0 0.326171875 0.3180555555555556 0.03359375 0.058333333333333334
0 0.2921875 0.31319444444444444 0.0390625 0.07083333333333333
0 0.248046875 0.30069444444444443 0.047656250000000004 0.0763888888888889
0 0.279296875 0.22291666666666668 0.032031250000000004 0.051388888888888894
0 0.28515625 0.26805555555555555 0.035937500000000004 0.05555555555555556
1 0.34765625 0.35555555555555557 0.0421875 0.07777777777777778
1 0.36484375 0.3041666666666667 0.045312500000000006 0.0638888888888889
1 0.326171875 0.2388888888888889 0.039843750000000004 0.061111111111111116
1 0.50703125 0.10555555555555556 0.035937500000000004 0.06666666666666667
1 0.529296875 0.1 0.02890625 0.06944444444444445
1 0.548046875 0.14791666666666667 0.039843750000000004 0.06527777777777778
15 0.178515625 0.15416666666666667 0.08046875 0.03333333333333333
15 0.08945312500000001 0.14583333333333334 0.06015625 0.02777777777777778
