0 0.521875 0.5958333333333333 0.046875 0.08055555555555556
0 0.5109375 0.5368055555555555 0.051562500000000004 0.0625
0 0.45351562500000003 0.5166666666666667 0.039843750000000004 0.07222222222222223
0 0.446875 0.45763888888888893 0.0421875 0.06805555555555556
0 0.57421875 0.3666666666666667 0.0328125 0.05555555555555556
0 0.562109375 0.33472222222222225 0.04296875 0.05
1 0.796875 0.09444444444444444 0.046875 0.058333333333333334
1 0.8480468750000001 0.08263888888888889 0.03828125 0.0625
1 0.883984375 0.09027777777777778 0.041406250000000006 0.0638888888888889
1 0.8910156250000001 0.2520833333333333 0.03359375 0.0625
1 0.86484375 0.24097222222222223 0.029687500000000002 0.06527777777777778
1 0.9457031250000001 0.059722222222222225 0.030468750000000003 0.04166666666666667
15 0.6121093750000001 0.2652777777777778 0.06015625 0.03333333333333333
15 0.3140625 0.3402777777777778 0.065625 0.044444444444444446
3 0.43085937500000004 0.9 0.017968750000000002 0.02777777777777778
