0 0.21171875 0.6451388888888889 0.0328125 0.06527777777777778
0 0.258984375 0.6590277777777778 0.03515625 0.07361111111111111
0 0.180078125 0.6284722222222222 0.02421875 0.0625
0 0.185546875 0.45555555555555555 0.055468750000000004 0.07777777777777778
0 0.28671875 0.5784722222222223 0.026562500000000003 0.04861111111111111
0 0.3125 0.5340277777777778 0.0390625 0.07361111111111111
0 0.28515625 0.4138888888888889 0.043750000000000004 0.036111111111111115
1 0.309375 0.35347222222222224 0.0484375 0.07361111111111111
1 0.374609375 0.42430555555555555 0.03515625 0.0625
1 0.39882812500000003 0.37430555555555556 0.03515625 0.06527777777777778
2 0.39375000000000004 0.8541666666666667 0.015625 0.036111111111111115
2 0.43046875 0.8506944444444445 0.0234375 0.043055555555555555
3 0.464453125 0.8562500000000001 0.017968750000000002 0.03194444444444445
14 0.933203125 0.9506944444444445 0.013281250000000001 0.03194444444444445
36 0.53125 0.8923611111111112 0.025 0.04861111111111111
