1 0.0578125 0.26458333333333334 0.051562500000000004 0.08472222222222223
1 0.14765625000000002 0.1625 0.037500000000000006 0.044444444444444446
1 0.20546875 0.1076388888888889 0.035937500000000004 0.05416666666666667
1 0.505859375 0.4118055555555556 0.02890625 0.04583333333333334
1 0.5457031250000001 0.39166666666666666 0.03671875 0.058333333333333334
1 0.611328125 0.47361111111111115 0.03671875 0.07222222222222223
1 0.573828125 0.27361111111111114 0.04609375 0.09444444444444444
1 0.570703125 0.18888888888888888 0.032031250000000004 0.03888888888888889
1 0.599609375 0.06041666666666667 0.03359375 0.04583333333333334
13 0.671875 0.28541666666666665 0.1234375 0.27083333333333337
0 0.603515625 0.5756944444444445 0.03828125 0.0763888888888889
0 0.62109375 0.6840277777777778 0.029687500000000002 0.059722222222222225
0 0.5574218750000001 0.5201388888888889 0.03671875 0.05416666666666667
0 0.5320312500000001 0.7375 0.0390625 0.0638888888888889
0 0.434375 0.7020833333333334 0.0390625 0.05694444444444444
0 0.570703125 0.4673611111111111 0.030468750000000003 0.05416666666666667
0 0.586328125 0.4256944444444445 0.02421875 0.04027777777777778
2 0.46328125000000003 0.8486111111111111 0.0234375 0.04166666666666667
3 0.42890625000000004 0.851388888888889 0.026562500000000003 0.044444444444444446
