0 0.568359375 0.5569444444444445 0.022656250000000003 0.04722222222222222
0 0.534765625 0.6062500000000001 0.03359375 0.02638888888888889
0 0.53828125 0.6763888888888889 0.028125 0.044444444444444446
0 0.3953125 0.7388888888888889 0.03125 0.05
0 0.37890625 0.6909722222222222 0.0234375 0.04583333333333334
0 0.37148437500000003 0.6305555555555555 0.030468750000000003 0.04722222222222222
2 0.39375000000000004 0.8486111111111111 0.0171875 0.036111111111111115
2 0.428515625 0.8465277777777778 0.014843750000000001 0.03194444444444445
2 0.4625 0.8555555555555556 0.0171875 0.030555555555555558
36 0.5328125 0.8923611111111112 0.028125 0.04027777777777778
