37 0.5078125 0.48333333333333334 0.05 0.07222222222222223
37 0.30859375 0.2826388888888889 0.0484375 0.08472222222222223
37 0.34609375000000003 0.018055555555555557 0.045312500000000006 0.02777777777777778
1 0.43593750000000003 0.26180555555555557 0.051562500000000004 0.04583333333333334
1 0.4390625 0.3125 0.043750000000000004 0.05555555555555556
1 0.3671875 0.34097222222222223 0.0484375 0.07361111111111111
1 0.408203125 0.4104166666666667 0.03515625 0.0763888888888889
0 0.365234375 0.7381944444444445 0.06328125 0.10416666666666667
0 0.35000000000000003 0.6611111111111111 0.0421875 0.09444444444444444
0 0.302734375 0.670138888888889 0.08046875 0.11527777777777778
0 0.39921875 0.5576388888888889 0.07187500000000001 0.13472222222222222
0 0.358984375 0.4375 0.04296875 0.09722222222222222
0 0.38789062500000004 0.42430555555555555 0.032031250000000004 0.06805555555555556
