15 0.53046875 0.4416666666666667 0.08125 0.019444444444444445
0 0.47265625 0.40694444444444444 0.018750000000000003 0.03333333333333333
0 0.48554687500000004 0.3680555555555556 0.01640625 0.025
0 0.523046875 0.3701388888888889 0.030468750000000003 0.051388888888888894
0 0.51015625 0.26319444444444445 0.034375 0.05694444444444444
1 0.539453125 0.17152777777777778 0.03515625 0.0625
1 0.5828125000000001 0.18541666666666667 0.026562500000000003 0.04583333333333334
1 0.5640625 0.14375000000000002 0.0203125 0.034722222222222224
1 0.53828125 0.09930555555555556 0.018750000000000003 0.03194444444444445
1 0.49296875 0.061111111111111116 0.021875000000000002 0.025
15 0.47734375 0.10347222222222223 0.084375 0.020833333333333336
36 0.529296875 0.8854166666666667 0.022656250000000003 0.034722222222222224
