0 0.207421875 0.4590277777777778 0.041406250000000006 0.0763888888888889
0 0.2578125 0.5229166666666667 0.0546875 0.07361111111111111
0 0.207421875 0.5270833333333333 0.055468750000000004 0.08472222222222223
0 0.17265625 0.49375 0.040625 0.059722222222222225
0 0.115625 0.5666666666666667 0.046875 0.07777777777777778
0 0.084375 0.7298611111111112 0.046875 0.08194444444444444
1 0.29140625000000003 0.39166666666666666 0.051562500000000004 0.06944444444444445
1 0.256640625 0.3180555555555556 0.06484375 0.08333333333333334
1 0.34414062500000003 0.34444444444444444 0.06328125 0.07777777777777778
1 0.38789062500000004 0.23541666666666666 0.05390625 0.06805555555555556
1 0.335546875 0.20486111111111113 0.039843750000000004 0.05694444444444444
1 0.308203125 0.19930555555555557 0.03828125 0.0625
14 0.9324218750000001 0.9541666666666667 0.013281250000000001 0.030555555555555558
