0 0.634375 0.5291666666666667 0.045312500000000006 0.07777777777777778
0 0.65 0.41805555555555557 0.037500000000000006 0.06944444444444445
0 0.6882812500000001 0.41875 0.040625 0.06805555555555556
0 0.6265625 0.2965277777777778 0.05 0.10972222222222222
0 0.59609375 0.22291666666666668 0.035937500000000004 0.06805555555555556
0 0.633984375 0.22986111111111113 0.030468750000000003 0.06805555555555556
1 0.65 0.2 0.035937500000000004 0.06944444444444445
1 0.6136718750000001 0.18125 0.03359375 0.07361111111111111
1 0.584375 0.17152777777777778 0.035937500000000004 0.06805555555555556
1 0.59609375 0.0375 0.034375 0.05277777777777778
1 0.622265625 0.034722222222222224 0.03671875 0.058333333333333334
