1 0.5691406250000001 0.3284722222222222 0.05390625 0.09861111111111112
0 0.46796875000000004 0.5708333333333333 0.060937500000000006 0.08055555555555556
0 0.43867187500000004 0.5479166666666667 0.03359375 0.0763888888888889
0 0.41875 0.5208333333333334 0.03125 0.07222222222222223
0 0.384765625 0.47500000000000003 0.04453125 0.1
0 0.39960937500000004 0.43472222222222223 0.04296875 0.08611111111111111
0 0.36835937500000004 0.41111111111111115 0.047656250000000004 0.07777777777777778
0 0.36171875000000003 0.3527777777777778 0.0578125 0.08888888888888889
0 0.45039062500000004 0.41597222222222224 0.06796875000000001 0.11805555555555557
0 0.508984375 0.3590277777777778 0.039843750000000004 0.059722222222222225
0 0.515234375 0.2888888888888889 0.032031250000000004 0.075
