0 0.47500000000000003 0.5020833333333333 0.035937500000000004 0.06527777777777778
0 0.47382812500000004 0.4465277777777778 0.03828125 0.04583333333333334
0 0.43398437500000003 0.47361111111111115 0.06484375 0.075
0 0.31562500000000004 0.6006944444444444 0.0625 0.05416666666666667
0 0.44062500000000004 0.7222222222222222 0.0546875 0.09166666666666667
0 0.44609375 0.7930555555555556 0.045312500000000006 0.075
1 0.532421875 0.4652777777777778 0.06484375 0.08055555555555556
1 0.55234375 0.41111111111111115 0.03125 0.0638888888888889
1 0.5398437500000001 0.36875 0.0328125 0.04583333333333334
14 0.933203125 0.9534722222222223 0.01640625 0.043055555555555555
16 0.76875 0.21666666666666667 0.1375 0.3472222222222222
