0 0.158984375 0.6576388888888889 0.04296875 0.04027777777777778
0 0.1640625 0.5958333333333333 0.0328125 0.05
0 0.308203125 0.55625 0.025781250000000002 0.04583333333333334
0 0.34921875 0.5944444444444444 0.035937500000000004 0.05555555555555556
0 0.40234375 0.43194444444444446 0.035937500000000004 0.08611111111111111
0 0.58125 0.31527777777777777 0.018750000000000003 0.04166666666666667
0 0.6019531250000001 0.35347222222222224 0.02421875 0.04861111111111111
1 0.62265625 0.3104166666666667 0.026562500000000003 0.04583333333333334
1 0.638671875 0.35694444444444445 0.02109375 0.030555555555555558
1 0.644140625 0.40625 0.02109375 0.04861111111111111
1 0.443359375 0.4041666666666667 0.014843750000000001 0.04722222222222222
1 0.35000000000000003 0.4847222222222222 0.0421875 0.058333333333333334
