0 0.37734375000000003 0.5472222222222223 0.028125 0.0638888888888889
0 0.40546875000000004 0.5118055555555556 0.034375 0.0625
0 0.45 0.5145833333333334 0.03125 0.04861111111111111
0 0.36640625000000004 0.4743055555555556 0.029687500000000002 0.04583333333333334
0 0.38398437500000004 0.3763888888888889 0.03359375 0.08055555555555556
0 0.42617187500000003 0.28055555555555556 0.022656250000000003 0.04166666666666667
0 0.38789062500000004 0.2611111111111111 0.022656250000000003 0.03888888888888889
1 0.421875 0.22986111111111113 0.0171875 0.03194444444444445
1 0.39921875 0.2152777777777778 0.0203125 0.03888888888888889
15 0.53125 0.05625 0.0859375 0.020833333333333336
16 0.6097656250000001 0.06458333333333334 0.07109375 0.10972222222222222
36 0.534765625 0.8916666666666667 0.022656250000000003 0.036111111111111115
