0 0.32460937500000003 0.36180555555555555 0.04296875 0.0763888888888889
0 0.381640625 0.33194444444444443 0.039843750000000004 0.0638888888888889
0 0.303515625 0.30069444444444443 0.03359375 0.05416666666666667
0 0.19062500000000002 0.39861111111111114 0.060937500000000006 0.058333333333333334
0 0.160546875 0.4777777777777778 0.04609375 0.05277777777777778
0 0.16796875 0.5479166666666667 0.0484375 0.059722222222222225
1 0.39140625 0.31319444444444444 0.046875 0.0625
1 0.33710937500000004 0.33125 0.03515625 0.04861111111111111
1 0.32421875 0.2916666666666667 0.034375 0.05
1 0.40390625 0.16527777777777777 0.040625 0.06944444444444445
1 0.43046875 0.19236111111111112 0.035937500000000004 0.0625
1 0.45351562500000003 0.1701388888888889 0.039843750000000004 0.059722222222222225
14 0.9328125 0.9555555555555556 0.0140625 0.03888888888888889
