15 0.49726562500000004 0.10138888888888889 0.08046875 0.019444444444444445
0 0.36640625000000004 0.40625 0.0390625 0.07361111111111111
0 0.38828125 0.3576388888888889 0.021875000000000002 0.04583333333333334
0 0.41054687500000003 0.3 0.022656250000000003 0.025
0 0.328125 0.2847222222222222 0.0328125 0.04722222222222222
0 0.39179687500000004 0.22986111111111113 0.02734375 0.043055555555555555
0 0.42812500000000003 0.19375 0.025 0.04861111111111111
0 0.3828125 0.1513888888888889 0.0328125 0.061111111111111116
1 0.36054687500000004 0.2 0.02734375 0.036111111111111115
1 0.33437500000000003 0.13819444444444445 0.0171875 0.02361111111111111
1 0.308203125 0.15694444444444444 0.02109375 0.022222222222222223
1 0.429296875 0.12569444444444444 0.022656250000000003 0.03194444444444445
1 0.404296875 0.12222222222222223 0.01953125 0.030555555555555558
1 0.39609375 0.06944444444444445 0.026562500000000003 0.02777777777777778
1 0.5296875 0.0375 0.021875000000000002 0.03888888888888889
1 0.552734375 0.013194444444444444 0.017968750000000002 0.02638888888888889
3 0.428515625 0.8534722222222223 0.01953125 0.0375
2 0.464453125 0.8493055555555555 0.01953125 0.029166666666666667
