1 0.634375 0.36388888888888893 0.05 0.06666666666666667
1 0.654296875 0.4222222222222222 0.05234375 0.075
1 0.62890625 0.4826388888888889 0.0546875 0.08750000000000001
1 0.48125 0.47847222222222224 0.060937500000000006 0.07361111111111111
1 0.45039062500000004 0.6541666666666667 0.06953125 0.08888888888888889
0 0.44062500000000004 0.47708333333333336 0.059375000000000004 0.10138888888888889
0 0.4578125 0.5569444444444445 0.043750000000000004 0.06666666666666667
0 0.49257812500000003 0.5840277777777778 0.05234375 0.08194444444444444
0 0.3140625 0.6118055555555556 0.045312500000000006 0.07083333333333333
0 0.2734375 0.5673611111111111 0.051562500000000004 0.07361111111111111
0 0.276171875 0.6916666666666667 0.057031250000000006 0.075
