0 0.43085937500000004 0.5569444444444445 0.03671875 0.0638888888888889
0 0.40546875000000004 0.6381944444444445 0.0328125 0.0625
0 0.43125 0.6819444444444445 0.035937500000000004 0.07777777777777778
0 0.390234375 0.5201388888888889 0.06015625 0.08750000000000001
0 0.3609375 0.4965277777777778 0.029687500000000002 0.05416666666666667
0 0.378515625 0.4 0.04609375 0.061111111111111116
0 0.470703125 0.31666666666666665 0.041406250000000006 0.061111111111111116
0 0.513671875 0.3666666666666667 0.03828125 0.06666666666666667
0 0.51875 0.3298611111111111 0.0390625 0.059722222222222225
1 0.48554687500000004 0.47847222222222224 0.05390625 0.08194444444444444
1 0.569921875 0.37569444444444444 0.05390625 0.08472222222222223
1 0.568359375 0.2986111111111111 0.05078125 0.061111111111111116
1 0.53125 0.28958333333333336 0.040625 0.059722222222222225
15 0.47265625 0.14375000000000002 0.0890625 0.02361111111111111
