0 0.6046875 0.7118055555555556 0.028125 0.05416666666666667
0 0.61328125 0.6395833333333334 0.028125 0.04861111111111111
0 0.6015625 0.5791666666666667 0.026562500000000003 0.058333333333333334
0 0.5613281250000001 0.6145833333333334 0.03671875 0.059722222222222225
0 0.501171875 0.6625 0.02890625 0.061111111111111116
0 0.5328125 0.5944444444444444 0.0234375 0.05555555555555556
0 0.476171875 0.6097222222222223 0.022656250000000003 0.05277777777777778
0 0.505078125 0.3840277777777778 0.02890625 0.043055555555555555
0 0.55390625 0.3729166666666667 0.029687500000000002 0.05416666666666667
1 0.530859375 0.3388888888888889 0.01953125 0.03888888888888889
15 0.500390625 0.16736111111111113 0.07421875 0.018055555555555557
15 0.533203125 0.009722222222222222 0.08046875 0.019444444444444445
16 0.7273437500000001 0.18125 0.134375 0.2986111111111111
