0 0.3875 0.5201388888888889 0.03125 0.06527777777777778
0 0.42578125 0.4881944444444445 0.0328125 0.07083333333333333
0 0.397265625 0.4729166666666667 0.03515625 0.04861111111111111
0 0.37539062500000003 0.37222222222222223 0.02109375 0.03888888888888889
0 0.343359375 0.34652777777777777 0.02421875 0.04027777777777778
0 0.319140625 0.33958333333333335 0.025781250000000002 0.05416666666666667
0 0.28359375000000003 0.3680555555555556 0.0234375 0.05
15 0.48554687500000004 0.20208333333333334 0.08515625 0.015277777777777779
0 0.18320312500000002 0.4083333333333333 0.02421875 0.03888888888888889
0 0.23554687500000002 0.3506944444444445 0.025781250000000002 0.05694444444444444
0 0.23671875 0.29305555555555557 0.0328125 0.05277777777777778
0 0.008203125 0.4291666666666667 0.01171875 0.025
