16 0.6996093750000001 0.12638888888888888 0.12578125 0.24166666666666667
0 0.575390625 0.5979166666666667 0.030468750000000003 0.05416666666666667
0 0.544921875 0.46875 0.041406250000000006 0.08472222222222223
0 0.55 0.6055555555555556 0.03125 0.06944444444444445
0 0.525390625 0.5944444444444444 0.032031250000000004 0.05555555555555556
0 0.52578125 0.28055555555555556 0.028125 0.036111111111111115
1 0.53828125 0.34444444444444444 0.046875 0.06944444444444445
1 0.566015625 0.23125 0.022656250000000003 0.03194444444444445
1 0.54140625 0.2534722222222222 0.0203125 0.0375
1 0.51484375 0.23194444444444445 0.0234375 0.04166666666666667
