15 0.5140625 0.7819444444444444 0.065625 0.019444444444444445
15 0.4546875 0.05416666666666667 0.0765625 0.022222222222222223
0 0.466796875 0.2569444444444445 0.03671875 0.07222222222222223
0 0.43125 0.4 0.021875000000000002 0.04166666666666667
1 0.49296875 0.16319444444444445 0.034375 0.07916666666666666
1 0.540625 0.16527777777777777 0.029687500000000002 0.044444444444444446
1 0.523828125 0.13958333333333334 0.02109375 0.0375
1 0.49726562500000004 0.09652777777777778 0.02109375 0.02638888888888889
1 0.46875 0.09375 0.0203125 0.02638888888888889
36 0.5339843750000001 0.8923611111111112 0.01953125 0.03194444444444445
