15 0.5703125 0.19652777777777777 0.08281250000000001 0.018055555555555557
15 0.35703125 0.10347222222222223 0.08125 0.0125
36 0.53125 0.8923611111111112 0.025 0.03194444444444445
0 0.37539062500000003 0.3909722222222222 0.06484375 0.13472222222222222
0 0.39960937500000004 0.2673611111111111 0.047656250000000004 0.10416666666666667
0 0.351171875 0.29583333333333334 0.041406250000000006 0.06666666666666667
0 0.3171875 0.2951388888888889 0.0484375 0.08750000000000001
0 0.30312500000000003 0.27083333333333337 0.040625 0.0638888888888889
0 0.309375 0.4138888888888889 0.0734375 0.125
0 0.31757812500000004 0.5673611111111111 0.06328125 0.09305555555555556
0 0.2734375 0.5611111111111111 0.065625 0.1388888888888889
0 0.2421875 0.7479166666666667 0.0484375 0.12638888888888888
0 0.287109375 0.7618055555555556 0.04609375 0.12361111111111112
0 0.32929687500000004 0.7666666666666667 0.05078125 0.13055555555555556
0 0.134765625 0.6159722222222223 0.05390625 0.09583333333333334
