13 0.72421875 0.45416666666666666 0.1203125 0.28611111111111115
3 0.429296875 0.851388888888889 0.01640625 0.030555555555555558
2 0.46132812500000003 0.8541666666666667 0.02109375 0.030555555555555558
0 0.5875 0.7395833333333334 0.0390625 0.07916666666666666
0 0.620703125 0.7875 0.039843750000000004 0.06944444444444445
0 0.673828125 0.7777777777777778 0.04453125 0.11388888888888889
0 0.636328125 0.84375 0.03671875 0.034722222222222224
0 0.599609375 0.3458333333333333 0.02421875 0.044444444444444446
0 0.6359375 0.36180555555555555 0.03125 0.051388888888888894
0 0.65390625 0.3263888888888889 0.028125 0.05277777777777778
1 0.62109375 0.3104166666666667 0.0234375 0.04861111111111111
1 0.640234375 0.2638888888888889 0.01640625 0.025
