24 0.6703125000000001 0.21458333333333335 0.19375 0.24305555555555555
16 0.6355468750000001 0.47847222222222224 0.12265625000000001 0.31527777777777777
16 0.45703125 0.22083333333333335 0.1390625 0.2916666666666667
36 0.529296875 0.8923611111111112 0.02109375 0.04027777777777778
0 0.36835937500000004 0.5951388888888889 0.04296875 0.07361111111111111
0 0.30585937500000004 0.6826388888888889 0.049218750000000006 0.08194444444444444
0 0.39101562500000003 0.6680555555555556 0.03828125 0.08333333333333334
0 0.42617187500000003 0.6819444444444445 0.04453125 0.1
0 0.398046875 0.7375 0.05234375 0.07777777777777778
0 0.44062500000000004 0.7881944444444444 0.028125 0.07083333333333333
0 0.47304687500000003 0.8493055555555555 0.014843750000000001 0.02361111111111111
0 0.511328125 0.6465277777777778 0.06328125 0.12083333333333333
0 0.60078125 0.6486111111111111 0.034375 0.07222222222222223
0 0.634375 0.6479166666666667 0.034375 0.09305555555555556
0 0.6746093750000001 0.6340277777777779 0.032031250000000004 0.059722222222222225
0 0.7058593750000001 0.5902777777777778 0.03671875 0.08611111111111111
0 0.7210937500000001 0.5131944444444445 0.046875 0.04861111111111111
0 0.8246093750000001 0.41597222222222224 0.049218750000000006 0.09305555555555556
0 0.857421875 0.5083333333333333 0.03515625 0.061111111111111116
0 0.8699218750000001 0.5680555555555555 0.047656250000000004 0.061111111111111116
0 0.7015625000000001 0.7618055555555556 0.051562500000000004 0.10416666666666667
0 0.716015625 0.6736111111111112 0.041406250000000006 0.08611111111111111
0 0.630859375 0.8048611111111111 0.03828125 0.0625
0 0.7421875 0.9277777777777778 0.021875000000000002 0.044444444444444446
0 0.7761718750000001 0.8944444444444445 0.017968750000000002 0.05
0 0.7117187500000001 0.9493055555555556 0.03125 0.07916666666666666
