0 0.308203125 0.5638888888888889 0.05390625 0.09444444444444444
0 0.18359375 0.7722222222222223 0.040625 0.06944444444444445
0 0.19765625 0.8375 0.0390625 0.04722222222222222
1 0.33359375 0.49236111111111114 0.034375 0.06527777777777778
1 0.288671875 0.5055555555555555 0.032031250000000004 0.058333333333333334
1 0.30507812500000003 0.4791666666666667 0.02734375 0.05555555555555556
1 0.20039062500000002 0.3652777777777778 0.04296875 0.06944444444444445
1 0.201171875 0.32708333333333334 0.032031250000000004 0.05416666666666667
1 0.22617187500000002 0.3159722222222222 0.03671875 0.07361111111111111
13 0.290234375 0.23333333333333334 0.14296875 0.26944444444444443
