37 0.36367187500000003 0.08611111111111111 0.03671875 0.06666666666666667
37 0.36757812500000003 0.3784722222222222 0.047656250000000004 0.08472222222222223
37 0.6136718750000001 0.5090277777777777 0.06953125 0.09027777777777778
1 0.444140625 0.24027777777777778 0.04453125 0.08888888888888889
1 0.47578125000000004 0.19791666666666669 0.045312500000000006 0.0763888888888889
1 0.49726562500000004 0.21597222222222223 0.03671875 0.0625
1 0.47382812500000004 0.26805555555555555 0.06328125 0.08611111111111111
1 0.508984375 0.4118055555555556 0.057031250000000006 0.10138888888888889
1 0.4625 0.4215277777777778 0.0625 0.09861111111111112
0 0.39140625 0.7284722222222223 0.0421875 0.09861111111111112
0 0.36953125000000003 0.6854166666666667 0.051562500000000004 0.08750000000000001
0 0.42421875000000003 0.6381944444444445 0.051562500000000004 0.10416666666666667
0 0.452734375 0.576388888888889 0.06796875000000001 0.13055555555555556
