15 0.6875 0.08194444444444444 0.0859375 0.019444444444444445
1 0.71796875 0.25277777777777777 0.051562500000000004 0.075
1 0.7507812500000001 0.24375000000000002 0.0484375 0.08750000000000001
1 0.787109375 0.2326388888888889 0.03515625 0.07083333333333333
1 0.78515625 0.1875 0.045312500000000006 0.0638888888888889
1 0.7820312500000001 0.16597222222222222 0.035937500000000004 0.051388888888888894
0 0.66171875 0.43194444444444446 0.051562500000000004 0.0638888888888889
0 0.66328125 0.5090277777777777 0.043750000000000004 0.06805555555555556
0 0.688671875 0.5006944444444444 0.03671875 0.08472222222222223
0 0.7203125 0.55 0.051562500000000004 0.07777777777777778
0 0.43984375000000003 0.71875 0.0671875 0.09583333333333334
16 0.839453125 0.23611111111111113 0.09453125000000001 0.3388888888888889
