0 0.38828125 0.8097222222222222 0.035937500000000004 0.06666666666666667
0 0.49296875 0.7451388888888889 0.05 0.07083333333333333
0 0.5046875000000001 0.6680555555555556 0.029687500000000002 0.058333333333333334
0 0.45078125 0.6111111111111112 0.037500000000000006 0.06666666666666667
0 0.523828125 0.6194444444444445 0.03515625 0.05
1 0.505859375 0.5750000000000001 0.04296875 0.058333333333333334
1 0.51484375 0.47500000000000003 0.029687500000000002 0.0638888888888889
1 0.543359375 0.40694444444444444 0.032031250000000004 0.061111111111111116
1 0.6277343750000001 0.38333333333333336 0.049218750000000006 0.09166666666666667
1 0.65 0.2951388888888889 0.029687500000000002 0.043055555555555555
1 0.667578125 0.20416666666666666 0.03359375 0.061111111111111116
1 0.7039062500000001 0.11944444444444445 0.029687500000000002 0.05
14 0.933203125 0.9527777777777778 0.01171875 0.030555555555555558
