24 0.657421875 0.6493055555555556 0.20546875 0.3875
15 0.80859375 0.059722222222222225 0.084375 0.019444444444444445
0 0.51875 0.49583333333333335 0.034375 0.05277777777777778
0 0.51328125 0.5423611111111112 0.03125 0.043055555555555555
0 0.48476562500000003 0.7180555555555556 0.04296875 0.061111111111111116
0 0.30312500000000003 0.7159722222222222 0.025 0.034722222222222224
0 0.31289062500000003 0.7701388888888889 0.041406250000000006 0.03194444444444445
3 0.428515625 0.8465277777777778 0.01953125 0.03194444444444445
2 0.4609375 0.8465277777777778 0.015625 0.02638888888888889
0 0.72265625 0.9458333333333334 0.029687500000000002 0.044444444444444446
