1 0.59375 0.20833333333333334 0.028125 0.05277777777777778
1 0.5632812500000001 0.21944444444444444 0.0234375 0.036111111111111115
1 0.59765625 0.04930555555555556 0.026562500000000003 0.0375
1 0.583203125 0.02361111111111111 0.01640625 0.030555555555555558
1 0.555078125 0.09305555555555556 0.030468750000000003 0.044444444444444446
1 0.5296875 0.058333333333333334 0.025 0.03333333333333333
1 0.46171875 0.14027777777777778 0.025 0.044444444444444446
15 0.43671875000000004 0.2902777777777778 0.078125 0.016666666666666666
15 0.48085937500000003 0.06875 0.08203125 0.018055555555555557
0 0.55078125 0.26319444444444445 0.021875000000000002 0.034722222222222224
0 0.5734375 0.28125 0.0203125 0.04583333333333334
36 0.53046875 0.8902777777777778 0.0234375 0.04166666666666667
