37 0.6421875 0.5076388888888889 0.043750000000000004 0.08194444444444444
37 0.390625 0.4173611111111111 0.07500000000000001 0.10416666666666667
37 0.35195312500000003 0.11666666666666667 0.03515625 0.061111111111111116
1 0.50234375 0.425 0.05 0.08611111111111111
1 0.487890625 0.2888888888888889 0.049218750000000006 0.061111111111111116
1 0.509375 0.23055555555555557 0.040625 0.07222222222222223
1 0.471484375 0.19930555555555557 0.04296875 0.08472222222222223
1 0.446875 0.2388888888888889 0.053125000000000006 0.08611111111111111
0 0.556640625 0.3805555555555556 0.06015625 0.10277777777777779
0 0.520703125 0.3236111111111111 0.05390625 0.08611111111111111
0 0.46328125000000003 0.5604166666666667 0.09062500000000001 0.14305555555555557
0 0.405078125 0.6645833333333333 0.07265625 0.12916666666666668
0 0.300390625 0.8055555555555556 0.04453125 0.075
