0 0.580078125 0.7527777777777778 0.05859375 0.10555555555555556
0 0.634765625 0.7006944444444445 0.02734375 0.08194444444444444
0 0.681640625 0.7215277777777778 0.039843750000000004 0.0763888888888889
0 0.68671875 0.6645833333333333 0.035937500000000004 0.05416666666666667
0 0.574609375 0.6319444444444444 0.04296875 0.07222222222222223
0 0.6171875 0.6583333333333333 0.029687500000000002 0.05277777777777778
0 0.605078125 0.5979166666666667 0.03828125 0.06805555555555556
14 0.9324218750000001 0.9534722222222223 0.014843750000000001 0.034722222222222224
1 0.6472656250000001 0.545138888888889 0.025781250000000002 0.0625
1 0.6589843750000001 0.6180555555555556 0.03359375 0.05555555555555556
1 0.694921875 0.5798611111111112 0.02734375 0.04861111111111111
1 0.769140625 0.5097222222222222 0.03828125 0.05277777777777778
1 0.7371093750000001 0.4604166666666667 0.03515625 0.04861111111111111
1 0.794140625 0.4 0.03515625 0.05277777777777778
1 0.66796875 0.45833333333333337 0.0484375 0.10833333333333334
36 0.531640625 0.8944444444444445 0.025781250000000002 0.05277777777777778
