0 0.6218750000000001 0.7875 0.046875 0.07222222222222223
0 0.646484375 0.7090277777777778 0.04609375 0.0763888888888889
0 0.632421875 0.5798611111111112 0.025781250000000002 0.0625
0 0.59140625 0.5881944444444445 0.028125 0.059722222222222225
0 0.5632812500000001 0.5715277777777777 0.029687500000000002 0.05694444444444444
0 0.526953125 0.5986111111111111 0.030468750000000003 0.05
0 0.587109375 0.47500000000000003 0.041406250000000006 0.07777777777777778
1 0.5984375000000001 0.3027777777777778 0.021875000000000002 0.04166666666666667
1 0.55859375 0.3194444444444445 0.025 0.05555555555555556
1 0.5328125 0.27847222222222223 0.018750000000000003 0.0375
14 0.9328125 0.9506944444444445 0.0125 0.034722222222222224
16 0.7125 0.15694444444444444 0.13125 0.24444444444444446
