15 0.761328125 0.13125 0.08671875000000001 0.020833333333333336
1 0.817578125 0.3215277777777778 0.05078125 0.08194444444444444
1 0.8308593750000001 0.26319444444444445 0.039843750000000004 0.07361111111111111
1 0.804296875 0.2388888888888889 0.02890625 0.058333333333333334
1 0.9519531250000001 0.2138888888888889 0.05078125 0.06666666666666667
1 0.966796875 0.2590277777777778 0.04296875 0.051388888888888894
1 0.968359375 0.30625 0.039843750000000004 0.051388888888888894
0 0.693359375 0.5131944444444445 0.041406250000000006 0.06527777777777778
0 0.68515625 0.5909722222222222 0.0578125 0.08472222222222223
0 0.721875 0.7048611111111112 0.05 0.0763888888888889
0 0.7308593750000001 0.7875 0.04296875 0.058333333333333334
0 0.7671875 0.8222222222222223 0.03125 0.06666666666666667
0 0.741796875 0.3506944444444445 0.04296875 0.07916666666666666
0 0.7855468750000001 0.26458333333333334 0.04609375 0.08194444444444444
16 0.9402343750000001 0.4666666666666667 0.10078125 0.2611111111111111
