0 0.2328125 0.3611111111111111 0.043750000000000004 0.075
0 0.201171875 0.44236111111111115 0.04453125 0.06805555555555556
0 0.170703125 0.545138888888889 0.047656250000000004 0.07083333333333333
0 0.339453125 0.36388888888888893 0.041406250000000006 0.061111111111111116
0 0.377734375 0.225 0.04453125 0.058333333333333334
1 0.36484375 0.3784722222222222 0.040625 0.06805555555555556
1 0.43125 0.19444444444444445 0.035937500000000004 0.061111111111111116
1 0.451953125 0.16597222222222222 0.039843750000000004 0.05416666666666667
1 0.408984375 0.16736111111111113 0.03515625 0.051388888888888894
14 0.9320312500000001 0.95625 0.018750000000000003 0.043055555555555555
