0 0.5734375 0.2798611111111111 0.029687500000000002 0.05416666666666667
0 0.55 0.2625 0.015625 0.036111111111111115
0 0.52109375 0.29791666666666666 0.025 0.04861111111111111
0 0.49296875 0.28125 0.0203125 0.04027777777777778
0 0.509375 0.17708333333333334 0.035937500000000004 0.05416666666666667
1 0.46953125 0.09236111111111112 0.0203125 0.034722222222222224
1 0.5183593750000001 0.06458333333333334 0.02109375 0.04027777777777778
1 0.55078125 0.08888888888888889 0.0203125 0.03333333333333333
15 0.452734375 0.18680555555555556 0.05078125 0.018055555555555557
36 0.53125 0.8902777777777778 0.021875000000000002 0.03888888888888889
