0 0.20664062500000002 0.5986111111111111 0.030468750000000003 0.061111111111111116
0 0.24375000000000002 0.56875 0.029687500000000002 0.04583333333333334
0 0.273046875 0.5215277777777778 0.02890625 0.04861111111111111
0 0.158203125 0.8659722222222223 0.02734375 0.04861111111111111
0 0.2171875 0.8402777777777778 0.021875000000000002 0.03333333333333333
1 0.22890625 0.545138888888889 0.0203125 0.0375
1 0.2890625 0.48055555555555557 0.0234375 0.05277777777777778
1 0.338671875 0.4604166666666667 0.041406250000000006 0.07916666666666666
1 0.365234375 0.3513888888888889 0.04453125 0.07222222222222223
1 0.36757812500000003 0.26319444444444445 0.025781250000000002 0.04027777777777778
1 0.338671875 0.1763888888888889 0.02890625 0.04166666666666667
1 0.36796875 0.10277777777777779 0.026562500000000003 0.02777777777777778
3 0.427734375 0.8493055555555555 0.022656250000000003 0.029166666666666667
2 0.46210937500000004 0.857638888888889 0.013281250000000001 0.03194444444444445
