3 0.49648437500000003 0.85 0.01640625 0.030555555555555558
2 0.462890625 0.8527777777777779 0.01640625 0.04166666666666667
2 0.43007812500000003 0.8527777777777779 0.017968750000000002 0.036111111111111115
0 0.5652343750000001 0.7590277777777779 0.02890625 0.04583333333333334
0 0.520703125 0.7659722222222223 0.03515625 0.05694444444444444
0 0.48359375000000004 0.7263888888888889 0.0328125 0.061111111111111116
0 0.512890625 0.6097222222222223 0.04296875 0.10277777777777779
0 0.60703125 0.43125 0.0328125 0.0625
0 0.53828125 0.3493055555555556 0.025 0.051388888888888894
0 0.5125000000000001 0.37083333333333335 0.026562500000000003 0.0638888888888889
1 0.55625 0.48541666666666666 0.035937500000000004 0.05694444444444444
1 0.5765625 0.28958333333333336 0.040625 0.08194444444444444
1 0.51171875 0.23680555555555557 0.0234375 0.043055555555555555
1 0.54453125 0.2125 0.0234375 0.04722222222222222
1 0.574609375 0.2138888888888889 0.02109375 0.03333333333333333
16 0.7039062500000001 0.13194444444444445 0.13593750000000002 0.23611111111111113
