1 0.40742187500000004 0.29375 0.030468750000000003 0.051388888888888894
1 0.3359375 0.30833333333333335 0.0390625 0.058333333333333334
1 0.37421875000000004 0.33333333333333337 0.037500000000000006 0.08333333333333334
1 0.32421875 0.25625000000000003 0.0203125 0.02361111111111111
1 0.3484375 0.1951388888888889 0.0390625 0.04861111111111111
1 0.240234375 0.5173611111111112 0.025781250000000002 0.0375
1 0.302734375 0.4743055555555556 0.02421875 0.06805555555555556
0 0.28515625 0.48958333333333337 0.028125 0.05416666666666667
0 0.287109375 0.5881944444444445 0.04296875 0.0625
0 0.25703125 0.53125 0.0234375 0.04583333333333334
0 0.23671875 0.8111111111111111 0.037500000000000006 0.061111111111111116
0 0.176171875 0.8229166666666667 0.02734375 0.06805555555555556
3 0.43007812500000003 0.8506944444444445 0.017968750000000002 0.0375
2 0.46132812500000003 0.8506944444444445 0.014843750000000001 0.034722222222222224
