0 0.4578125 0.44583333333333336 0.046875 0.061111111111111116
0 0.44257812500000004 0.34305555555555556 0.03515625 0.05555555555555556
0 0.41718750000000004 0.31319444444444444 0.035937500000000004 0.0625
0 0.35703125 0.6604166666666667 0.0578125 0.08194444444444444
0 0.252734375 0.6194444444444445 0.04609375 0.0638888888888889
0 0.296875 0.5277777777777778 0.043750000000000004 0.058333333333333334
1 0.60078125 0.3194444444444445 0.0546875 0.08333333333333334
1 0.5925781250000001 0.27361111111111114 0.047656250000000004 0.058333333333333334
1 0.560546875 0.24861111111111112 0.03515625 0.05
1 0.581640625 0.22361111111111112 0.04296875 0.0638888888888889
1 0.47265625 0.3840277777777778 0.06875 0.07916666666666666
1 0.45859375 0.3 0.06406250000000001 0.075
14 0.9328125 0.9576388888888889 0.0140625 0.03194444444444445
16 0.7835937500000001 0.12638888888888888 0.08750000000000001 0.17222222222222222
