15 0.6859375000000001 0.06736111111111111 0.08281250000000001 0.015277777777777779
0 0.6671875 0.6243055555555556 0.046875 0.09305555555555556
0 0.696484375 0.6333333333333333 0.03515625 0.09444444444444444
0 0.71796875 0.5965277777777778 0.037500000000000006 0.07083333333333333
0 0.712109375 0.5333333333333333 0.03828125 0.05
0 0.6804687500000001 0.4965277777777778 0.043750000000000004 0.0763888888888889
0 0.6175781250000001 0.5388888888888889 0.06484375 0.09444444444444444
0 0.5953125 0.4861111111111111 0.035937500000000004 0.0638888888888889
0 0.535546875 0.5527777777777778 0.05234375 0.08888888888888889
0 0.566015625 0.4395833333333333 0.039843750000000004 0.04583333333333334
0 0.8703125 0.4902777777777778 0.059375000000000004 0.08333333333333334
