0 0.17343750000000002 0.5472222222222223 0.0484375 0.08055555555555556
0 0.182421875 0.4604166666666667 0.03828125 0.07361111111111111
0 0.238671875 0.36388888888888893 0.049218750000000006 0.061111111111111116
0 0.32578125 0.36875 0.043750000000000004 0.0625
0 0.373046875 0.3472222222222222 0.03671875 0.07777777777777778
0 0.304296875 0.3111111111111111 0.03515625 0.05277777777777778
1 0.408984375 0.3180555555555556 0.047656250000000004 0.075
1 0.43203125000000003 0.2013888888888889 0.0421875 0.07222222222222223
1 0.40937500000000004 0.16111111111111112 0.043750000000000004 0.061111111111111116
1 0.45546875000000003 0.16458333333333333 0.0421875 0.06527777777777778
14 0.933203125 0.9576388888888889 0.01171875 0.0375
