0 0.597265625 0.28402777777777777 0.03671875 0.08194444444444444
0 0.54140625 0.31875000000000003 0.051562500000000004 0.08194444444444444
0 0.55859375 0.3729166666666667 0.045312500000000006 0.05416666666666667
0 0.5320312500000001 0.40625 0.045312500000000006 0.051388888888888894
0 0.46640625 0.4486111111111111 0.034375 0.04722222222222222
0 0.484375 0.46805555555555556 0.0421875 0.04722222222222222
0 0.49765625 0.5013888888888889 0.05 0.05
0 0.40742187500000004 0.5284722222222222 0.06328125 0.06527777777777778
0 0.312109375 0.6458333333333334 0.05078125 0.08611111111111111
0 0.23593750000000002 0.7694444444444445 0.05 0.0638888888888889
