0 0.51015625 0.5069444444444444 0.029687500000000002 0.06944444444444445
0 0.5652343750000001 0.5854166666666667 0.02734375 0.04583333333333334
0 0.5437500000000001 0.5361111111111111 0.0203125 0.05
1 0.61328125 0.4930555555555556 0.043750000000000004 0.0638888888888889
1 0.564453125 0.51875 0.025781250000000002 0.034722222222222224
1 0.558203125 0.42847222222222225 0.032031250000000004 0.04861111111111111
1 0.5640625 0.3493055555555556 0.025 0.04027777777777778
1 0.54140625 0.3180555555555556 0.0203125 0.030555555555555558
0 0.55625 0.8333333333333334 0.025 0.030555555555555558
0 0.61484375 0.8444444444444444 0.025 0.030555555555555558
2 0.429296875 0.8520833333333334 0.017968750000000002 0.02638888888888889
2 0.462890625 0.8534722222222223 0.014843750000000001 0.034722222222222224
