15 0.528515625 0.11111111111111112 0.08515625 0.022222222222222223
15 0.5953125 0.1638888888888889 0.0921875 0.019444444444444445
15 0.8324218750000001 0.2715277777777778 0.08671875000000001 0.0125
36 0.53671875 0.8972222222222223 0.021875000000000002 0.030555555555555558
1 0.22968750000000002 0.5527777777777778 0.046875 0.075
1 0.19687500000000002 0.5784722222222223 0.060937500000000006 0.09027777777777778
1 0.17734375000000002 0.6430555555555556 0.037500000000000006 0.05
1 0.14296875 0.6715277777777778 0.028125 0.04861111111111111
1 0.13984375000000002 0.6236111111111111 0.035937500000000004 0.05277777777777778
0 0.5890625 0.7819444444444444 0.0578125 0.11388888888888889
0 0.6277343750000001 0.7284722222222223 0.04609375 0.09861111111111112
0 0.7000000000000001 0.6875 0.06875 0.11944444444444445
0 0.651953125 0.5604166666666667 0.06171875 0.09861111111111112
0 0.6359375 0.46319444444444446 0.06406250000000001 0.1125
0 0.559765625 0.4826388888888889 0.07421875 0.14027777777777778
0 0.5125000000000001 0.6041666666666667 0.0671875 0.12222222222222223
0 0.18281250000000002 0.6680555555555556 0.0578125 0.10555555555555556
0 0.139453125 0.7236111111111111 0.04453125 0.07777777777777778
0 0.07968750000000001 0.7069444444444445 0.0328125 0.10833333333333334
0 0.05625 0.6458333333333334 0.0328125 0.07222222222222223
