0 0.634375 0.4340277777777778 0.021875000000000002 0.05416666666666667
0 0.598046875 0.44583333333333336 0.032031250000000004 0.05555555555555556
0 0.55703125 0.43194444444444446 0.025 0.04166666666666667
0 0.55390625 0.20833333333333334 0.034375 0.061111111111111116
0 0.5875 0.11736111111111111 0.03125 0.04861111111111111
1 0.519140625 0.4388888888888889 0.03515625 0.05277777777777778
1 0.517578125 0.34097222222222223 0.022656250000000003 0.04027777777777778
1 0.498046875 0.2076388888888889 0.02890625 0.04027777777777778
1 0.594921875 0.20069444444444445 0.03515625 0.05694444444444444
1 0.593359375 0.06597222222222222 0.017968750000000002 0.02638888888888889
1 0.569921875 0.10486111111111111 0.01953125 0.02638888888888889
1 0.47500000000000003 0.41250000000000003 0.021875000000000002 0.05277777777777778
0 0.49726562500000004 0.40208333333333335 0.017968750000000002 0.02638888888888889
15 0.43515625 0.19791666666666669 0.06875 0.020833333333333336
