0 0.67109375 0.28958333333333336 0.037500000000000006 0.059722222222222225
0 0.46992187500000004 0.5770833333333334 0.05234375 0.06805555555555556
0 0.4625 0.525 0.046875 0.05555555555555556
0 0.41015625 0.4743055555555556 0.043750000000000004 0.05694444444444444
1 0.47304687500000003 0.4388888888888889 0.055468750000000004 0.075
1 0.638671875 0.4 0.05390625 0.06666666666666667
1 0.7125 0.3944444444444445 0.05 0.08888888888888889
1 0.6785156250000001 0.33125 0.032031250000000004 0.05694444444444444
1 0.6843750000000001 0.2673611111111111 0.028125 0.034722222222222224
1 0.66171875 0.22916666666666669 0.034375 0.04722222222222222
15 0.7875000000000001 0.05625 0.051562500000000004 0.0375
15 0.184375 0.42708333333333337 0.065625 0.04861111111111111
