13 0.4234375 0.375 0.1421875 0.25
16 0.209375 0.5611111111111111 0.15781250000000002 0.26944444444444443
36 0.53828125 0.9013888888888889 0.021875000000000002 0.036111111111111115
1 0.572265625 0.15555555555555556 0.05078125 0.09444444444444444
1 0.5183593750000001 0.15416666666666667 0.06328125 0.10277777777777779
1 0.472265625 0.10347222222222223 0.05390625 0.07916666666666666
0 0.657421875 0.35000000000000003 0.041406250000000006 0.08333333333333334
0 0.684765625 0.3027777777777778 0.039843750000000004 0.09722222222222222
0 0.708203125 0.2451388888888889 0.039843750000000004 0.059722222222222225
0 0.702734375 0.20902777777777778 0.039843750000000004 0.0625
0 0.634765625 0.20902777777777778 0.06484375 0.09583333333333334
0 0.7308593750000001 0.16041666666666668 0.04609375 0.09861111111111112
0 0.76328125 0.19444444444444445 0.045312500000000006 0.08055555555555556
0 0.770703125 0.23541666666666666 0.03515625 0.059722222222222225
0 0.806640625 0.20486111111111113 0.03828125 0.08472222222222223
0 0.8425781250000001 0.24375000000000002 0.039843750000000004 0.08194444444444444
0 0.8835937500000001 0.26319444444444445 0.034375 0.05694444444444444
0 0.884765625 0.19861111111111113 0.03359375 0.06944444444444445
0 0.8675781250000001 0.17152777777777778 0.032031250000000004 0.07361111111111111
0 0.919140625 0.23819444444444446 0.03828125 0.06805555555555556
0 0.972265625 0.22083333333333335 0.03671875 0.058333333333333334
0 0.9789062500000001 0.2923611111111111 0.037500000000000006 0.0763888888888889
0 0.933203125 0.1736111111111111 0.047656250000000004 0.1
0 0.9437500000000001 0.11666666666666667 0.028125 0.04722222222222222
0 0.8875000000000001 0.08888888888888889 0.0328125 0.058333333333333334
0 0.9484375 0.08402777777777778 0.0484375 0.04861111111111111
0 0.90234375 0.05486111111111111 0.028125 0.0375
