15 0.6203125 0.49444444444444446 0.084375 0.016666666666666666
15 0.601171875 0.4638888888888889 0.08359375000000001 0.019444444444444445
1 0.533203125 0.6777777777777778 0.04609375 0.08333333333333334
1 0.48750000000000004 0.6291666666666667 0.040625 0.06666666666666667
1 0.7058593750000001 0.7020833333333334 0.047656250000000004 0.07083333333333333
1 0.6921875000000001 0.6395833333333334 0.034375 0.0625
1 0.6824218750000001 0.5715277777777777 0.04296875 0.08472222222222223
0 0.501953125 0.6888888888888889 0.06796875000000001 0.09166666666666667
0 0.448046875 0.6159722222222223 0.04609375 0.06805555555555556
0 0.3875 0.6909722222222222 0.07187500000000001 0.11805555555555557
0 0.37812500000000004 0.7791666666666667 0.0671875 0.08888888888888889
