15 0.7488281250000001 0.14444444444444446 0.08046875 0.016666666666666666
14 0.93359375 0.9500000000000001 0.0125 0.03333333333333333
1 0.673828125 0.3548611111111111 0.05390625 0.0763888888888889
1 0.704296875 0.36041666666666666 0.047656250000000004 0.09027777777777778
1 0.7292968750000001 0.40208333333333335 0.05390625 0.08750000000000001
1 0.6410156250000001 0.5729166666666667 0.055468750000000004 0.07916666666666666
1 0.6023437500000001 0.525 0.05 0.075
1 0.519921875 0.5104166666666667 0.047656250000000004 0.06805555555555556
0 0.572265625 0.5756944444444445 0.041406250000000006 0.08472222222222223
0 0.60859375 0.6097222222222223 0.034375 0.09444444444444444
0 0.530859375 0.5479166666666667 0.05234375 0.07361111111111111
0 0.46171875 0.71875 0.060937500000000006 0.11527777777777778
0 0.49765625 0.7548611111111111 0.05 0.12083333333333333
0 0.41015625 0.6868055555555556 0.0578125 0.10416666666666667
