15 0.48515625 0.04027777777777778 0.08281250000000001 0.022222222222222223
15 0.574609375 0.2534722222222222 0.08515625 0.020833333333333336
15 0.35195312500000003 0.15486111111111112 0.08359375000000001 0.020833333333333336
36 0.531640625 0.8986111111111111 0.02421875 0.036111111111111115
0 0.369921875 0.45763888888888893 0.06328125 0.1375
0 0.314453125 0.46944444444444444 0.08046875 0.15
0 0.31484375000000003 0.6409722222222223 0.0703125 0.12083333333333333
0 0.26015625000000003 0.6451388888888889 0.065625 0.12638888888888888
0 0.2265625 0.8236111111111112 0.046875 0.06944444444444445
0 0.27265625 0.8215277777777779 0.046875 0.09027777777777778
0 0.321875 0.8305555555555556 0.0578125 0.08333333333333334
0 0.1265625 0.6944444444444444 0.08281250000000001 0.1277777777777778
0 0.29765625 0.3159722222222222 0.045312500000000006 0.07361111111111111
0 0.31367187500000004 0.36180555555555555 0.05078125 0.07916666666666666
0 0.39179687500000004 0.32083333333333336 0.05859375 0.075
