0 0.515625 0.820138888888889 0.029687500000000002 0.0625
0 0.48554687500000004 0.763888888888889 0.01953125 0.058333333333333334
0 0.5242187500000001 0.7236111111111111 0.029687500000000002 0.07777777777777778
0 0.5710937500000001 0.7625000000000001 0.0328125 0.061111111111111116
0 0.56640625 0.6868055555555556 0.034375 0.07083333333333333
0 0.562109375 0.5618055555555556 0.04453125 0.08194444444444444
0 0.568359375 0.4715277777777778 0.032031250000000004 0.051388888888888894
1 0.517578125 0.5173611111111112 0.03359375 0.051388888888888894
1 0.59765625 0.53125 0.025 0.059722222222222225
1 0.57421875 0.39861111111111114 0.028125 0.044444444444444446
1 0.6019531250000001 0.22708333333333333 0.02734375 0.05694444444444444
1 0.63828125 0.21319444444444446 0.03125 0.05416666666666667
1 0.5734375 0.20347222222222222 0.025 0.05416666666666667
14 0.9328125 0.9541666666666667 0.010937500000000001 0.03333333333333333
16 0.722265625 0.12847222222222224 0.15078125 0.24583333333333335
