15 0.490234375 0.1736111111111111 0.07890625000000001 0.019444444444444445
15 0.474609375 0.07986111111111112 0.08828125 0.020833333333333336
1 0.42265625 0.20416666666666666 0.0234375 0.05277777777777778
1 0.38359375 0.22083333333333335 0.028125 0.061111111111111116
1 0.41718750000000004 0.4041666666666667 0.0328125 0.05
1 0.43476562500000004 0.375 0.025781250000000002 0.022222222222222223
1 0.43125 0.16458333333333333 0.010937500000000001 0.03194444444444445
0 0.413671875 0.2923611111111111 0.025781250000000002 0.0375
0 0.36953125000000003 0.3652777777777778 0.029687500000000002 0.05555555555555556
0 0.342578125 0.3826388888888889 0.03359375 0.04861111111111111
0 0.328125 0.3229166666666667 0.025 0.0375
