1 0.6800781250000001 0.4236111111111111 0.049218750000000006 0.06944444444444445
1 0.8460937500000001 0.31319444444444444 0.06875 0.1125
1 0.8757812500000001 0.24791666666666667 0.0484375 0.09305555555555556
1 0.8984375 0.27847222222222223 0.0421875 0.08194444444444444
1 0.8484375000000001 0.22708333333333333 0.053125000000000006 0.09305555555555556
1 0.7933593750000001 0.19930555555555557 0.049218750000000006 0.07083333333333333
1 0.847265625 0.1638888888888889 0.05234375 0.06944444444444445
0 0.732421875 0.41875 0.06171875 0.12916666666666668
0 0.6484375 0.44236111111111115 0.053125000000000006 0.07361111111111111
0 0.659765625 0.5013888888888889 0.05234375 0.10277777777777779
0 0.704296875 0.5263888888888889 0.05390625 0.09722222222222222
0 0.82421875 0.38333333333333336 0.034375 0.08333333333333334
