3 0.428515625 0.85 0.01953125 0.044444444444444446
2 0.4625 0.8465277777777778 0.0234375 0.0375
0 0.4 0.7152777777777778 0.028125 0.05277777777777778
0 0.451171875 0.74375 0.022656250000000003 0.034722222222222224
0 0.5125000000000001 0.8166666666666667 0.0234375 0.030555555555555558
0 0.67578125 0.4340277777777778 0.0328125 0.04583333333333334
1 0.6449218750000001 0.4048611111111111 0.01640625 0.043055555555555555
1 0.6937500000000001 0.3652777777777778 0.03125 0.04166666666666667
1 0.6628906250000001 0.3506944444444445 0.02109375 0.0375
1 0.4921875 0.7590277777777779 0.0203125 0.04861111111111111
14 0.9328125 0.9541666666666667 0.0140625 0.03333333333333333
36 0.53125 0.9006944444444445 0.03125 0.05416666666666667
