0 0.311328125 0.4166666666666667 0.039843750000000004 0.06666666666666667
0 0.20039062500000002 0.5555555555555556 0.047656250000000004 0.07777777777777778
0 0.166796875 0.5777777777777778 0.055468750000000004 0.08055555555555556
0 0.19882812500000002 0.6166666666666667 0.057031250000000006 0.07222222222222223
1 0.384375 0.3423611111111111 0.043750000000000004 0.059722222222222225
1 0.3609375 0.3770833333333333 0.0390625 0.06527777777777778
1 0.319921875 0.3840277777777778 0.04609375 0.07083333333333333
1 0.36835937500000004 0.18680555555555556 0.03671875 0.07083333333333333
1 0.40156250000000004 0.18055555555555555 0.034375 0.061111111111111116
1 0.425390625 0.0951388888888889 0.04296875 0.05416666666666667
