15 0.9480468750000001 0.13958333333333334 0.06484375 0.009722222222222222
24 0.603125 0.638888888888889 0.2109375 0.35000000000000003
36 0.534765625 0.9 0.025781250000000002 0.03888888888888889
0 0.30078125 0.3805555555555556 0.0421875 0.0638888888888889
0 0.275390625 0.41250000000000003 0.04296875 0.075
0 0.2546875 0.4763888888888889 0.0390625 0.07222222222222223
0 0.31640625 0.45555555555555555 0.051562500000000004 0.06666666666666667
0 0.302734375 0.49583333333333335 0.041406250000000006 0.044444444444444446
0 0.21445312500000002 0.5326388888888889 0.04453125 0.05416666666666667
0 0.284375 0.5437500000000001 0.051562500000000004 0.07083333333333333
0 0.20859375000000002 0.6111111111111112 0.0421875 0.07777777777777778
0 0.26171875 0.5930555555555556 0.035937500000000004 0.04166666666666667
0 0.271484375 0.64375 0.049218750000000006 0.04861111111111111
0 0.16132812500000002 0.7604166666666667 0.07265625 0.10972222222222222
0 0.242578125 0.701388888888889 0.047656250000000004 0.05
0 0.251171875 0.7458333333333333 0.039843750000000004 0.03333333333333333
0 0.26015625000000003 0.8048611111111111 0.05 0.034722222222222224
0 0.25429687500000003 0.8555555555555556 0.03515625 0.030555555555555558
0 0.436328125 0.7756944444444445 0.03828125 0.059722222222222225
0 0.43789062500000003 0.7194444444444444 0.03671875 0.05
0 0.41250000000000003 0.6673611111111112 0.045312500000000006 0.0763888888888889
0 0.44648437500000004 0.5673611111111111 0.06015625 0.08194444444444444
0 0.48476562500000003 0.5215277777777778 0.049218750000000006 0.08194444444444444
0 0.8031250000000001 0.513888888888889 0.040625 0.06944444444444445
0 0.8578125000000001 0.5798611111111112 0.045312500000000006 0.0625
0 0.837890625 0.49375 0.03359375 0.06805555555555556
0 0.8656250000000001 0.44583333333333336 0.035937500000000004 0.061111111111111116
0 0.7429687500000001 0.65 0.0390625 0.10277777777777779
0 0.92890625 0.4277777777777778 0.0390625 0.0638888888888889
0 0.9242187500000001 0.36597222222222225 0.035937500000000004 0.05416666666666667
0 0.8953125000000001 0.27708333333333335 0.046875 0.0763888888888889
0 0.8500000000000001 0.25069444444444444 0.059375000000000004 0.09583333333333334
0 0.80859375 0.2534722222222222 0.05625 0.08750000000000001
0 0.762890625 0.33333333333333337 0.03828125 0.075
0 0.75546875 0.14791666666666667 0.0390625 0.07361111111111111
0 0.8089843750000001 0.17847222222222223 0.03515625 0.05694444444444444
