0 0.087109375 0.8319444444444445 0.04609375 0.06944444444444445
0 0.041406250000000006 0.7826388888888889 0.051562500000000004 0.06805555555555556
0 0.134375 0.6652777777777779 0.0421875 0.08333333333333334
0 0.178515625 0.6277777777777778 0.02421875 0.05555555555555556
0 0.213671875 0.6104166666666667 0.03671875 0.04861111111111111
0 0.23164062500000002 0.5548611111111111 0.030468750000000003 0.04861111111111111
0 0.186328125 0.45555555555555555 0.047656250000000004 0.05
0 0.103515625 0.4826388888888889 0.06796875000000001 0.09583333333333334
0 0.205859375 0.4013888888888889 0.02734375 0.06666666666666667
1 0.147265625 0.40555555555555556 0.039843750000000004 0.05
1 0.24726562500000002 0.36944444444444446 0.05390625 0.07777777777777778
1 0.304296875 0.4486111111111111 0.032031250000000004 0.06666666666666667
1 0.33437500000000003 0.39375 0.043750000000000004 0.0625
1 0.20390625 0.6645833333333333 0.025 0.04583333333333334
1 0.17578125 0.5569444444444445 0.028125 0.044444444444444446
14 0.933203125 0.9541666666666667 0.017968750000000002 0.03888888888888889
