15 0.39882812500000003 0.2826388888888889 0.08046875 0.018055555555555557
15 0.42734375 0.2604166666666667 0.084375 0.015277777777777779
14 0.9320312500000001 0.9520833333333334 0.0140625 0.0375
1 0.32265625000000003 0.4083333333333333 0.059375000000000004 0.07777777777777778
1 0.5046875000000001 0.2763888888888889 0.051562500000000004 0.12222222222222223
1 0.5765625 0.03958333333333333 0.0484375 0.059722222222222225
0 0.33046875000000003 0.6965277777777779 0.053125000000000006 0.09305555555555556
0 0.37109375 0.6958333333333334 0.053125000000000006 0.125
0 0.413671875 0.7083333333333334 0.05234375 0.15555555555555556
0 0.35195312500000003 0.4479166666666667 0.05859375 0.08194444444444444
0 0.462890625 0.32916666666666666 0.03671875 0.06666666666666667
