16 0.70703125 0.14444444444444446 0.14375000000000002 0.22222222222222224
1 0.5750000000000001 0.21458333333333335 0.018750000000000003 0.034722222222222224
1 0.574609375 0.2888888888888889 0.03671875 0.0638888888888889
1 0.516015625 0.2423611111111111 0.025781250000000002 0.04583333333333334
1 0.5457031250000001 0.2 0.02890625 0.05
1 0.56640625 0.4291666666666667 0.0328125 0.05555555555555556
1 0.50546875 0.4215277777777778 0.0234375 0.0375
0 0.5066406250000001 0.5104166666666667 0.03515625 0.059722222222222225
0 0.5554687500000001 0.49097222222222225 0.040625 0.051388888888888894
0 0.5242187500000001 0.5979166666666667 0.0421875 0.07916666666666666
0 0.48046875 0.7395833333333334 0.026562500000000003 0.051388888888888894
0 0.51953125 0.7833333333333333 0.0234375 0.05277777777777778
2 0.427734375 0.8493055555555555 0.017968750000000002 0.0375
2 0.46210937500000004 0.85 0.01640625 0.022222222222222223
3 0.49648437500000003 0.8493055555555555 0.01953125 0.034722222222222224
