0 0.5476562500000001 0.6638888888888889 0.043750000000000004 0.08333333333333334
0 0.491015625 0.6319444444444444 0.04609375 0.09444444444444444
0 0.48359375000000004 0.7131944444444445 0.029687500000000002 0.09583333333333334
0 0.444140625 0.6756944444444445 0.03671875 0.08194444444444444
16 0.223046875 0.20694444444444446 0.13203125000000002 0.29444444444444445
16 0.35390625000000003 0.44375000000000003 0.1203125 0.24583333333333335
24 0.443359375 0.20416666666666666 0.16484375 0.26666666666666666
37 0.06953125 0.13472222222222222 0.043750000000000004 0.075
37 0.28671875 0.0125 0.046875 0.025
37 0.18515625000000002 0.675 0.051562500000000004 0.09166666666666667
37 0.016015625000000002 0.45 0.032031250000000004 0.058333333333333334
