0 0.27578125000000003 0.4881944444444445 0.035937500000000004 0.05694444444444444
0 0.22617187500000002 0.4638888888888889 0.022656250000000003 0.044444444444444446
0 0.24375000000000002 0.4256944444444445 0.021875000000000002 0.043055555555555555
0 0.287109375 0.3597222222222222 0.02734375 0.03333333333333333
0 0.308203125 0.26944444444444443 0.025781250000000002 0.04722222222222222
0 0.34492187500000004 0.2743055555555556 0.03828125 0.07361111111111111
0 0.40351562500000004 0.225 0.03515625 0.061111111111111116
0 0.44179687500000003 0.22083333333333335 0.02734375 0.05
0 0.48359375000000004 0.20069444444444445 0.029687500000000002 0.051388888888888894
1 0.327734375 0.20972222222222223 0.01640625 0.025
1 0.3609375 0.2388888888888889 0.021875000000000002 0.04722222222222222
1 0.465625 0.18333333333333335 0.0203125 0.04166666666666667
1 0.551171875 0.07777777777777778 0.025781250000000002 0.044444444444444446
1 0.537109375 0.04930555555555556 0.014843750000000001 0.02361111111111111
