1 0.382421875 0.0951388888888889 0.030468750000000003 0.043055555555555555
1 0.35585937500000003 0.06597222222222222 0.01953125 0.03194444444444445
1 0.40625 0.059722222222222225 0.021875000000000002 0.02777777777777778
1 0.526953125 0.0763888888888889 0.02890625 0.04166666666666667
1 0.394140625 0.24722222222222223 0.030468750000000003 0.05
1 0.432421875 0.35625 0.02890625 0.02361111111111111
1 0.576171875 0.36875 0.02734375 0.05694444444444444
1 0.599609375 0.39375 0.025781250000000002 0.0625
2 0.429296875 0.85 0.02734375 0.044444444444444446
2 0.46328125000000003 0.8493055555555555 0.025 0.043055555555555555
0 0.446875 0.2611111111111111 0.025 0.04166666666666667
0 0.436328125 0.44722222222222224 0.022656250000000003 0.05
15 0.519140625 0.19236111111111112 0.10078125 0.018055555555555557
