0 0.534375 0.6041666666666667 0.043750000000000004 0.06944444444444445
0 0.523046875 0.5430555555555556 0.055468750000000004 0.0638888888888889
0 0.45351562500000003 0.5472222222222223 0.05234375 0.061111111111111116
0 0.5691406250000001 0.42430555555555555 0.03828125 0.08750000000000001
0 0.578125 0.3104166666666667 0.040625 0.0625
1 0.7699218750000001 0.4083333333333333 0.05078125 0.06666666666666667
1 0.7609375 0.3263888888888889 0.0421875 0.05555555555555556
1 0.8070312500000001 0.33611111111111114 0.053125000000000006 0.061111111111111116
1 0.7312500000000001 0.30069444444444443 0.043750000000000004 0.06527777777777778
1 0.7464843750000001 0.2534722222222222 0.03359375 0.043055555555555555
1 0.597265625 0.3541666666666667 0.047656250000000004 0.06666666666666667
1 0.6039062500000001 0.25 0.040625 0.06666666666666667
15 0.3796875 0.375 0.053125000000000006 0.02777777777777778
15 0.358203125 0.4215277777777778 0.06328125 0.020833333333333336
3 0.42890625000000004 0.8923611111111112 0.021875000000000002 0.034722222222222224
