1 0.83125 0.3597222222222222 0.035937500000000004 0.075
1 0.859375 0.3402777777777778 0.053125000000000006 0.11111111111111112
1 0.9417968750000001 0.45 0.055468750000000004 0.09722222222222222
0 0.663671875 0.4826388888888889 0.05859375 0.09027777777777778
0 0.598828125 0.5215277777777778 0.06328125 0.11805555555555557
0 0.48554687500000004 0.5347222222222222 0.06015625 0.1
0 0.43281250000000004 0.5416666666666667 0.0703125 0.10555555555555556
0 0.29726562500000003 0.5354166666666667 0.06328125 0.10138888888888889
0 0.20859375000000002 0.5513888888888889 0.0625 0.10555555555555556
0 0.11093750000000001 0.5736111111111112 0.0578125 0.09166666666666667
