15 0.65625 0.20069444444444445 0.084375 0.034722222222222224
15 0.689453125 0.16319444444444445 0.08515625 0.0375
36 0.53359375 0.888888888888889 0.026562500000000003 0.030555555555555558
1 0.593359375 0.4777777777777778 0.04609375 0.09166666666666667
1 0.5328125 0.50625 0.05 0.09305555555555556
1 0.594140625 0.4277777777777778 0.06640625 0.07222222222222223
1 0.6640625 0.5125000000000001 0.060937500000000006 0.1388888888888889
1 0.700390625 0.41597222222222224 0.04296875 0.10416666666666667
1 0.70625 0.3590277777777778 0.035937500000000004 0.0625
1 0.76484375 0.3159722222222222 0.053125000000000006 0.08194444444444444
0 0.5320312500000001 0.4465277777777778 0.0390625 0.06527777777777778
0 0.50390625 0.47222222222222227 0.045312500000000006 0.07777777777777778
0 0.49375 0.5305555555555556 0.0578125 0.08611111111111111
0 0.41015625 0.5291666666666667 0.07968750000000001 0.11944444444444445
0 0.328125 0.5916666666666667 0.06875 0.08888888888888889
0 0.33203125 0.6791666666666667 0.040625 0.04722222222222222
0 0.35664062500000004 0.7020833333333334 0.05078125 0.08750000000000001
