15 0.415625 0.12708333333333333 0.0921875 0.015277777777777779
15 0.6257812500000001 0.06041666666666667 0.0890625 0.015277777777777779
15 0.851171875 0.15069444444444444 0.08828125 0.0125
24 0.35546875 0.70625 0.240625 0.19861111111111113
36 0.534375 0.9041666666666667 0.021875000000000002 0.03333333333333333
1 0.275390625 0.42083333333333334 0.04609375 0.08611111111111111
1 0.22968750000000002 0.4236111111111111 0.07500000000000001 0.08611111111111111
1 0.18906250000000002 0.47361111111111115 0.029687500000000002 0.03333333333333333
1 0.215625 0.5055555555555555 0.035937500000000004 0.061111111111111116
1 0.23203125000000002 0.49722222222222223 0.037500000000000006 0.06944444444444445
0 0.5632812500000001 0.45972222222222225 0.053125000000000006 0.11944444444444445
0 0.6902343750000001 0.4395833333333333 0.05234375 0.11527777777777778
0 0.7269531250000001 0.5416666666666667 0.06640625 0.10277777777777779
0 0.67109375 0.5701388888888889 0.065625 0.10694444444444445
0 0.637890625 0.6138888888888889 0.047656250000000004 0.06666666666666667
0 0.573828125 0.7152777777777778 0.06640625 0.10277777777777779
0 0.619140625 0.7520833333333333 0.04296875 0.09861111111111112
0 0.6136718750000001 0.35208333333333336 0.055468750000000004 0.12361111111111112
0 0.662109375 0.34444444444444444 0.055468750000000004 0.125
0 0.56796875 0.22291666666666668 0.035937500000000004 0.08194444444444444
0 0.5906250000000001 0.24791666666666667 0.0234375 0.05416666666666667
0 0.618359375 0.2555555555555556 0.039843750000000004 0.06666666666666667
0 0.659375 0.225 0.034375 0.08055555555555556
0 0.106640625 0.4548611111111111 0.047656250000000004 0.04583333333333334
0 0.11992187500000001 0.5083333333333333 0.03515625 0.058333333333333334
0 0.08515625 0.5479166666666667 0.035937500000000004 0.07083333333333333
0 0.06015625 0.53125 0.03125 0.059722222222222225
0 0.084375 0.6354166666666667 0.05 0.043055555555555555
0 0.069140625 0.7291666666666667 0.04296875 0.05
0 0.06484375 0.8138888888888889 0.0328125 0.04166666666666667
0 0.128515625 0.9715277777777778 0.03828125 0.0375
0 0.143359375 0.5513888888888889 0.05390625 0.03888888888888889
0 0.17539062500000002 0.5256944444444445 0.014843750000000001 0.015277777777777779
0 0.19140625 0.5430555555555556 0.0421875 0.0638888888888889
