0 0.35195312500000003 0.3298611111111111 0.057031250000000006 0.07916666666666666
0 0.308203125 0.3541666666666667 0.041406250000000006 0.058333333333333334
0 0.32851562500000003 0.40069444444444446 0.057031250000000006 0.08472222222222223
0 0.323046875 0.4416666666666667 0.04609375 0.06944444444444445
0 0.30625 0.48680555555555555 0.043750000000000004 0.04861111111111111
0 0.32070312500000003 0.5465277777777778 0.039843750000000004 0.051388888888888894
0 0.350390625 0.5604166666666667 0.047656250000000004 0.1125
0 0.36484375 0.6194444444444445 0.0546875 0.061111111111111116
0 0.366015625 0.6631944444444444 0.041406250000000006 0.05416666666666667
0 0.5328125 0.48750000000000004 0.0578125 0.10555555555555556
16 0.519140625 0.31180555555555556 0.18984375 0.33194444444444443
