0 0.515234375 0.6111111111111112 0.07109375 0.09444444444444444
0 0.46992187500000004 0.6902777777777778 0.041406250000000006 0.07777777777777778
0 0.464453125 0.8229166666666667 0.04296875 0.0625
0 0.519921875 0.8027777777777778 0.03671875 0.08333333333333334
0 0.550390625 0.8166666666666667 0.04453125 0.08333333333333334
1 0.5339843750000001 0.4256944444444445 0.04296875 0.07083333333333333
1 0.503515625 0.2652777777777778 0.03828125 0.08055555555555556
14 0.9328125 0.9520833333333334 0.010937500000000001 0.029166666666666667
16 0.6296875000000001 0.41250000000000003 0.1296875 0.33333333333333337
15 0.535546875 0.1638888888888889 0.06953125 0.030555555555555558
15 0.5 0.375 0.0859375 0.02777777777777778
