0 0.55625 0.4201388888888889 0.026562500000000003 0.04583333333333334
0 0.6039062500000001 0.48333333333333334 0.0328125 0.05277777777777778
0 0.66328125 0.3819444444444445 0.0484375 0.061111111111111116
0 0.720703125 0.3993055555555556 0.032031250000000004 0.051388888888888894
0 0.7523437500000001 0.3194444444444445 0.034375 0.058333333333333334
1 0.6863281250000001 0.44722222222222224 0.022656250000000003 0.044444444444444446
1 0.7191406250000001 0.48055555555555557 0.025781250000000002 0.0638888888888889
1 0.7371093750000001 0.4534722222222222 0.02734375 0.034722222222222224
1 0.7878906250000001 0.4701388888888889 0.03359375 0.059722222222222225
1 0.77265625 0.3902777777777778 0.05625 0.06944444444444445
1 0.796484375 0.3576388888888889 0.01953125 0.04027777777777778
1 0.8109375000000001 0.28541666666666665 0.0203125 0.04861111111111111
