15 0.429296875 0.40625 0.08359375000000001 0.015277777777777779
15 0.529296875 0.18680555555555556 0.08359375000000001 0.018055555555555557
14 0.9320312500000001 0.9486111111111112 0.015625 0.03333333333333333
1 0.5222656250000001 0.39861111111111114 0.05078125 0.0638888888888889
1 0.49609375 0.34305555555555556 0.043750000000000004 0.06666666666666667
1 0.53359375 0.34097222222222223 0.034375 0.06527777777777778
1 0.427734375 0.3944444444444445 0.041406250000000006 0.0638888888888889
1 0.27773437500000003 0.675 0.04296875 0.061111111111111116
0 0.326953125 0.7402777777777778 0.06640625 0.1
0 0.26328125 0.7451388888888889 0.059375000000000004 0.08472222222222223
0 0.39179687500000004 0.6618055555555555 0.06484375 0.09027777777777778
