15 0.4390625 0.29930555555555555 0.08281250000000001 0.018055555555555557
36 0.534765625 0.8881944444444445 0.02421875 0.0375
1 0.346484375 0.6722222222222223 0.03828125 0.06666666666666667
1 0.34414062500000003 0.5972222222222222 0.041406250000000006 0.05555555555555556
1 0.30507812500000003 0.5909722222222222 0.04453125 0.07083333333333333
1 0.48828125 0.4902777777777778 0.051562500000000004 0.07777777777777778
1 0.47578125000000004 0.4256944444444445 0.05625 0.07083333333333333
0 0.274609375 0.5909722222222222 0.04296875 0.09027777777777778
0 0.30507812500000003 0.6152777777777778 0.049218750000000006 0.07222222222222223
0 0.30625 0.6631944444444444 0.0484375 0.07361111111111111
0 0.152734375 0.8319444444444445 0.057031250000000006 0.09722222222222222
0 0.10039062500000001 0.8013888888888889 0.06171875 0.07777777777777778
0 0.08671875000000001 0.8597222222222223 0.0734375 0.08333333333333334
