0 0.513671875 0.5354166666666667 0.055468750000000004 0.09305555555555556
0 0.44843750000000004 0.63125 0.0546875 0.05416666666666667
0 0.444921875 0.6923611111111111 0.041406250000000006 0.06805555555555556
0 0.51484375 0.7055555555555556 0.046875 0.0638888888888889
0 0.48281250000000003 0.7833333333333333 0.0421875 0.06666666666666667
0 0.47382812500000004 0.83125 0.049218750000000006 0.04861111111111111
0 0.37031250000000004 0.820138888888889 0.037500000000000006 0.06527777777777778
1 0.7777343750000001 0.31319444444444444 0.041406250000000006 0.07361111111111111
1 0.8226562500000001 0.22847222222222224 0.043750000000000004 0.07916666666666666
16 0.607421875 0.3479166666666667 0.11484375000000001 0.3263888888888889
13 0.732421875 0.19791666666666669 0.12265625000000001 0.24861111111111112
