0 0.16523437500000002 0.7006944444444445 0.05390625 0.06527777777777778
0 0.25078125 0.5965277777777778 0.0484375 0.06527777777777778
0 0.330078125 0.5166666666666667 0.04453125 0.07222222222222223
0 0.34218750000000003 0.38819444444444445 0.0421875 0.051388888888888894
0 0.386328125 0.37222222222222223 0.03359375 0.06666666666666667
0 0.412890625 0.3416666666666667 0.04453125 0.05555555555555556
0 0.45156250000000003 0.32083333333333336 0.034375 0.05555555555555556
0 0.468359375 0.3368055555555556 0.03359375 0.051388888888888894
1 0.494140625 0.3611111111111111 0.03828125 0.07222222222222223
1 0.462890625 0.2534722222222222 0.03515625 0.0625
1 0.487890625 0.21736111111111112 0.05078125 0.08472222222222223
1 0.582421875 0.26666666666666666 0.03671875 0.058333333333333334
1 0.6234375000000001 0.2777777777777778 0.046875 0.075
1 0.5593750000000001 0.2076388888888889 0.037500000000000006 0.059722222222222225
1 0.578515625 0.18819444444444444 0.03515625 0.05694444444444444
15 0.609375 0.0625 0.045312500000000006 0.025
