15 0.3796875 0.2881944444444445 0.084375 0.02638888888888889
15 0.3171875 0.2534722222222222 0.08750000000000001 0.02638888888888889
1 0.509765625 0.30625 0.057031250000000006 0.08750000000000001
1 0.48984375 0.2576388888888889 0.0484375 0.08472222222222223
1 0.440234375 0.22708333333333333 0.057031250000000006 0.09305555555555556
1 0.423828125 0.48333333333333334 0.049218750000000006 0.061111111111111116
0 0.471484375 0.44722222222222224 0.05234375 0.08888888888888889
0 0.44257812500000004 0.50625 0.057031250000000006 0.07916666666666666
0 0.408203125 0.5284722222222222 0.055468750000000004 0.08750000000000001
0 0.41835937500000003 0.7486111111111111 0.05390625 0.10555555555555556
0 0.388671875 0.8173611111111111 0.04453125 0.07916666666666666
