0 0.676953125 0.6215277777777778 0.041406250000000006 0.059722222222222225
0 0.519140625 0.7291666666666667 0.041406250000000006 0.06944444444444445
0 0.544140625 0.7784722222222222 0.039843750000000004 0.07083333333333333
0 0.56875 0.8256944444444445 0.0421875 0.0763888888888889
0 0.6121093750000001 0.8645833333333334 0.03515625 0.0625
0 0.576171875 0.8763888888888889 0.05078125 0.05277777777777778
1 0.751171875 0.6083333333333334 0.04296875 0.075
1 0.583984375 0.6319444444444444 0.047656250000000004 0.075
1 0.6296875000000001 0.5875 0.046875 0.075
1 0.587890625 0.4743055555555556 0.06796875000000001 0.10416666666666667
1 0.5925781250000001 0.3506944444444445 0.04296875 0.0625
1 0.6273437500000001 0.3451388888888889 0.0390625 0.06527777777777778
1 0.583984375 0.2534722222222222 0.04609375 0.051388888888888894
14 0.9328125 0.9520833333333334 0.0125 0.03194444444444445
16 0.688671875 0.45555555555555555 0.11171875 0.2972222222222222
