0 0.25625000000000003 0.5125000000000001 0.043750000000000004 0.06944444444444445
0 0.224609375 0.49583333333333335 0.04296875 0.06666666666666667
0 0.20820312500000002 0.46805555555555556 0.039843750000000004 0.05555555555555556
0 0.22421875000000002 0.4076388888888889 0.045312500000000006 0.05416666666666667
0 0.36484375 0.4118055555555556 0.059375000000000004 0.10138888888888889
0 0.353515625 0.3506944444444445 0.04609375 0.05694444444444444
0 0.34296875000000004 0.21597222222222223 0.043750000000000004 0.05416666666666667
1 0.4921875 0.21319444444444446 0.0421875 0.0625
1 0.48125 0.17152777777777778 0.0328125 0.05694444444444444
1 0.520703125 0.17291666666666666 0.03671875 0.059722222222222225
1 0.44570312500000003 0.3041666666666667 0.07890625000000001 0.1
1 0.4 0.2743055555555556 0.037500000000000006 0.0625
