15 0.6234375000000001 0.22986111111111113 0.0859375 0.02638888888888889
36 0.53359375 0.8916666666666667 0.018750000000000003 0.025
1 0.8054687500000001 0.42430555555555555 0.045312500000000006 0.07361111111111111
1 0.829296875 0.3763888888888889 0.04296875 0.06944444444444445
1 0.8949218750000001 0.3236111111111111 0.05234375 0.08611111111111111
1 0.8773437500000001 0.23333333333333334 0.043750000000000004 0.075
1 0.8304687500000001 0.23194444444444445 0.040625 0.06666666666666667
0 0.693359375 0.5736111111111112 0.06015625 0.09166666666666667
0 0.6742187500000001 0.5354166666666667 0.046875 0.07916666666666666
0 0.7523437500000001 0.5583333333333333 0.05625 0.11388888888888889
0 0.7917968750000001 0.35347222222222224 0.057031250000000006 0.09861111111111112
0 0.835546875 0.30625 0.039843750000000004 0.07083333333333333
