0 0.66171875 0.5777777777777778 0.065625 0.1
0 0.6550781250000001 0.4513888888888889 0.03515625 0.06944444444444445
0 0.6101562500000001 0.4548611111111111 0.043750000000000004 0.06527777777777778
0 0.6960937500000001 0.45069444444444445 0.0390625 0.051388888888888894
0 0.6820312500000001 0.7270833333333334 0.040625 0.07083333333333333
0 0.63671875 0.7375 0.0421875 0.07777777777777778
0 0.5953125 0.757638888888889 0.0390625 0.07361111111111111
1 0.6984375 0.5090277777777777 0.035937500000000004 0.07361111111111111
1 0.7058593750000001 0.4256944444444445 0.03671875 0.05694444444444444
1 0.784765625 0.39513888888888893 0.04296875 0.0763888888888889
1 0.743359375 0.34097222222222223 0.06953125 0.09027777777777778
1 0.851171875 0.2798611111111111 0.041406250000000006 0.059722222222222225
1 0.8226562500000001 0.23055555555555557 0.043750000000000004 0.05555555555555556
1 0.7699218750000001 0.22708333333333333 0.03671875 0.05416666666666667
1 0.739453125 0.20416666666666666 0.041406250000000006 0.0638888888888889
1 0.782421875 0.17152777777777778 0.03828125 0.04861111111111111
15 0.56640625 0.34375 0.059375000000000004 0.02638888888888889
