0 0.226953125 0.7854166666666667 0.055468750000000004 0.09861111111111112
0 0.248828125 0.6958333333333334 0.05078125 0.06944444444444445
0 0.055859375 0.8986111111111111 0.05078125 0.07222222222222223
0 0.033203125 0.9756944444444445 0.047656250000000004 0.04027777777777778
1 0.28750000000000003 0.6666666666666667 0.0546875 0.09166666666666667
1 0.15937500000000002 0.7666666666666667 0.046875 0.08611111111111111
1 0.115234375 0.78125 0.05078125 0.09027777777777778
1 0.08359375000000001 0.6868055555555556 0.040625 0.07361111111111111
1 0.137109375 0.6534722222222222 0.04609375 0.09861111111111112
1 0.223046875 0.6020833333333333 0.04296875 0.07083333333333333
1 0.201171875 0.5347222222222222 0.047656250000000004 0.06944444444444445
1 0.197265625 0.4826388888888889 0.04609375 0.0625
1 0.265234375 0.5173611111111112 0.04296875 0.0625
1 0.25 0.41805555555555557 0.045312500000000006 0.05555555555555556
1 0.07695312500000001 0.9770833333333334 0.03828125 0.043055555555555555
15 0.5265625 0.1451388888888889 0.09375 0.02361111111111111
15 0.321875 0.4638888888888889 0.08125 0.025
