37 0.602734375 0.47361111111111115 0.06015625 0.0638888888888889
37 0.36015625 0.36388888888888893 0.059375000000000004 0.08611111111111111
37 0.33515625000000004 0.07847222222222222 0.040625 0.051388888888888894
1 0.49375 0.21805555555555556 0.05625 0.1
1 0.45820312500000004 0.22986111111111113 0.04609375 0.07916666666666666
1 0.42578125 0.27361111111111114 0.0484375 0.08333333333333334
1 0.437109375 0.3888888888888889 0.032031250000000004 0.058333333333333334
1 0.48984375 0.4138888888888889 0.0625 0.10555555555555556
0 0.34687500000000004 0.7180555555555556 0.040625 0.09166666666666667
0 0.38593750000000004 0.7312500000000001 0.0578125 0.11527777777777778
0 0.327734375 0.68125 0.05390625 0.10694444444444445
0 0.434375 0.5513888888888889 0.06406250000000001 0.13333333333333333
0 0.39921875 0.46597222222222223 0.0484375 0.10416666666666667
