15 0.5859375 0.3513888888888889 0.08281250000000001 0.030555555555555558
15 0.544921875 0.43333333333333335 0.08828125 0.030555555555555558
36 0.533203125 0.882638888888889 0.02890625 0.0375
1 0.38710937500000003 0.6833333333333333 0.07734375 0.06666666666666667
1 0.393359375 0.7375 0.06484375 0.08888888888888889
1 0.5593750000000001 0.6861111111111111 0.06406250000000001 0.08333333333333334
1 0.44921875 0.7965277777777778 0.06406250000000001 0.07916666666666666
1 0.6316406250000001 0.6743055555555556 0.06640625 0.1125
1 0.5867187500000001 0.5951388888888889 0.0578125 0.0763888888888889
0 0.401171875 0.7986111111111112 0.05859375 0.08888888888888889
