1 0.6796875 0.45208333333333334 0.018750000000000003 0.03194444444444445
1 0.66328125 0.4118055555555556 0.026562500000000003 0.03194444444444445
1 0.6421875 0.3770833333333333 0.0234375 0.043055555555555555
1 0.633984375 0.3180555555555556 0.032031250000000004 0.044444444444444446
1 0.601171875 0.31180555555555556 0.02890625 0.043055555555555555
1 0.571484375 0.2847222222222222 0.03359375 0.05277777777777778
1 0.533203125 0.24305555555555555 0.030468750000000003 0.05555555555555556
0 0.34140625 0.4652777777777778 0.043750000000000004 0.061111111111111116
0 0.2625 0.4548611111111111 0.034375 0.05416666666666667
0 0.146484375 0.47500000000000003 0.05234375 0.06666666666666667
15 0.50390625 0.3159722222222222 0.009375000000000001 0.02361111111111111
15 0.490234375 0.30972222222222223 0.06484375 0.019444444444444445
