0 0.583984375 0.41944444444444445 0.02734375 0.04722222222222222
0 0.6082031250000001 0.3506944444444445 0.03515625 0.04027777777777778
0 0.640625 0.29375 0.029687500000000002 0.051388888888888894
0 0.6996093750000001 0.27361111111111114 0.030468750000000003 0.0638888888888889
0 0.50546875 0.4166666666666667 0.021875000000000002 0.04166666666666667
0 0.534765625 0.34652777777777777 0.02734375 0.04027777777777778
0 0.49335937500000004 0.37569444444444444 0.025781250000000002 0.034722222222222224
15 0.593359375 0.14027777777777778 0.057031250000000006 0.019444444444444445
15 0.7523437500000001 0.13194444444444445 0.0625 0.022222222222222223
1 0.7453125 0.29375 0.025 0.05416666666666667
1 0.8328125000000001 0.23680555555555557 0.0234375 0.051388888888888894
1 0.9226562500000001 0.24375000000000002 0.025 0.05416666666666667
1 0.9574218750000001 0.16111111111111112 0.02734375 0.04166666666666667
