0 0.2265625 0.5555555555555556 0.0390625 0.07222222222222223
0 0.20390625 0.5125000000000001 0.035937500000000004 0.0638888888888889
1 0.448046875 0.49444444444444446 0.05078125 0.08611111111111111
1 0.3171875 0.5319444444444444 0.060937500000000006 0.09444444444444444
1 0.3296875 0.4361111111111111 0.045312500000000006 0.07222222222222223
1 0.370703125 0.4486111111111111 0.049218750000000006 0.07777777777777778
1 0.40859375000000003 0.3736111111111111 0.043750000000000004 0.08611111111111111
1 0.39921875 0.33958333333333335 0.0390625 0.06805555555555556
1 0.46640625 0.43194444444444446 0.045312500000000006 0.061111111111111116
1 0.476171875 0.2916666666666667 0.05078125 0.058333333333333334
1 0.551171875 0.2951388888888889 0.05234375 0.0625
14 0.9328125 0.9597222222222223 0.0171875 0.03333333333333333
