0 0.362890625 0.3145833333333333 0.03359375 0.05416666666666667
0 0.396484375 0.33333333333333337 0.02421875 0.05555555555555556
0 0.42109375000000004 0.4291666666666667 0.025 0.05
0 0.48085937500000003 0.44027777777777777 0.02734375 0.058333333333333334
0 0.5066406250000001 0.51875 0.02109375 0.034722222222222224
0 0.47968750000000004 0.18611111111111112 0.046875 0.058333333333333334
0 0.392578125 0.23611111111111113 0.03671875 0.04166666666666667
15 0.362890625 0.14375000000000002 0.08671875000000001 0.020833333333333336
1 0.33515625000000004 0.08819444444444445 0.0328125 0.04861111111111111
1 0.570703125 0.0638888888888889 0.030468750000000003 0.05
1 0.34609375000000003 0.017361111111111112 0.028125 0.02638888888888889
3 0.428515625 0.851388888888889 0.02421875 0.044444444444444446
2 0.463671875 0.85 0.025781250000000002 0.044444444444444446
