24 0.8167968750000001 0.31875000000000003 0.20546875 0.3541666666666667
0 0.43203125000000003 0.5395833333333333 0.026562500000000003 0.0625
0 0.45078125 0.5819444444444445 0.028125 0.07222222222222223
0 0.5015625 0.6340277777777779 0.0390625 0.0625
0 0.5398437500000001 0.6416666666666667 0.035937500000000004 0.04722222222222222
0 0.61328125 0.71875 0.0421875 0.06805555555555556
0 0.7046875 0.7479166666666667 0.05 0.07083333333333333
0 0.677734375 0.8131944444444444 0.03671875 0.05694444444444444
0 0.70859375 0.9013888888888889 0.0234375 0.044444444444444446
3 0.4265625 0.8444444444444444 0.021875000000000002 0.03888888888888889
2 0.4625 0.8562500000000001 0.025 0.0375
