1 0.319921875 0.16597222222222222 0.025781250000000002 0.04861111111111111
1 0.36484375 0.12222222222222223 0.029687500000000002 0.04166666666666667
1 0.41132812500000004 0.21041666666666667 0.025781250000000002 0.05694444444444444
0 0.30703125000000003 0.3784722222222222 0.028125 0.051388888888888894
0 0.339453125 0.3770833333333333 0.02734375 0.0625
0 0.36328125 0.3701388888888889 0.018750000000000003 0.06527777777777778
0 0.3921875 0.33958333333333335 0.0234375 0.05694444444444444
0 0.3984375 0.5784722222222223 0.05 0.08194444444444444
0 0.405078125 0.7118055555555556 0.05234375 0.07083333333333333
15 0.45625000000000004 0.1590277777777778 0.09062500000000001 0.02361111111111111
