0 0.602734375 0.38819444444444445 0.02421875 0.04583333333333334
0 0.6203125 0.3493055555555556 0.0203125 0.051388888888888894
0 0.60078125 0.30972222222222223 0.0125 0.04166666666666667
0 0.65390625 0.31875000000000003 0.029687500000000002 0.059722222222222225
0 0.5730468750000001 0.2798611111111111 0.02890625 0.043055555555555555
1 0.5875 0.22291666666666668 0.029687500000000002 0.051388888888888894
1 0.605078125 0.14305555555555557 0.02890625 0.05277777777777778
1 0.6371093750000001 0.08055555555555556 0.02734375 0.05277777777777778
16 0.712109375 0.12083333333333333 0.11484375000000001 0.22777777777777777
14 0.93359375 0.951388888888889 0.010937500000000001 0.03333333333333333
36 0.5320312500000001 0.8881944444444445 0.025 0.03194444444444445
