24 0.7375 0.10138888888888889 0.1609375 0.17500000000000002
16 0.5398437500000001 0.15763888888888888 0.09531250000000001 0.2625
16 0.70859375 0.36944444444444446 0.10625000000000001 0.32222222222222224
36 0.5339843750000001 0.8979166666666667 0.025781250000000002 0.04861111111111111
0 0.44453125000000004 0.7215277777777778 0.046875 0.09583333333333334
0 0.440234375 0.6451388888888889 0.055468750000000004 0.09583333333333334
0 0.482421875 0.5965277777777778 0.03515625 0.0763888888888889
0 0.5171875 0.5722222222222223 0.046875 0.08055555555555556
0 0.49609375 0.6729166666666667 0.0578125 0.0763888888888889
0 0.56015625 0.6993055555555556 0.0671875 0.10416666666666667
0 0.594140625 0.5020833333333333 0.07109375 0.10972222222222222
0 0.58984375 0.74375 0.0390625 0.08472222222222223
0 0.637890625 0.7645833333333334 0.041406250000000006 0.1125
0 0.6839843750000001 0.8118055555555556 0.03515625 0.08194444444444444
0 0.7250000000000001 0.8388888888888889 0.035937500000000004 0.10555555555555556
0 0.7515625 0.7972222222222223 0.029687500000000002 0.08611111111111111
0 0.7425781250000001 0.7375 0.032031250000000004 0.058333333333333334
0 0.721875 0.6819444444444445 0.026562500000000003 0.061111111111111116
0 0.765234375 0.6333333333333333 0.04453125 0.075
0 0.6800781250000001 0.5291666666666667 0.022656250000000003 0.061111111111111116
0 0.7078125000000001 0.5437500000000001 0.03125 0.07361111111111111
0 0.7445312500000001 0.5111111111111112 0.028125 0.04722222222222222
0 0.7703125000000001 0.49097222222222225 0.040625 0.08194444444444444
0 0.7761718750000001 0.40069444444444446 0.04296875 0.0763888888888889
0 0.829296875 0.3763888888888889 0.05234375 0.11388888888888889
0 0.8074218750000001 0.3138888888888889 0.047656250000000004 0.07222222222222223
0 0.8929687500000001 0.33819444444444446 0.07968750000000001 0.12083333333333333
0 0.9339843750000001 0.4743055555555556 0.03671875 0.06527777777777778
0 0.9652343750000001 0.47500000000000003 0.030468750000000003 0.075
0 0.93125 0.5326388888888889 0.0421875 0.04861111111111111
0 0.9187500000000001 0.56875 0.0390625 0.05694444444444444
