0 0.578515625 0.5972222222222222 0.02890625 0.05
0 0.5476562500000001 0.6062500000000001 0.0203125 0.043055555555555555
0 0.5265625 0.5930555555555556 0.0203125 0.044444444444444446
0 0.550390625 0.4729166666666667 0.041406250000000006 0.08194444444444444
0 0.5281250000000001 0.2791666666666667 0.0203125 0.036111111111111115
1 0.535546875 0.34861111111111115 0.03515625 0.06944444444444445
1 0.5703125 0.24375000000000002 0.025 0.04861111111111111
1 0.5421875 0.2520833333333333 0.0171875 0.043055555555555555
1 0.511328125 0.23194444444444445 0.02421875 0.036111111111111115
16 0.702734375 0.12708333333333333 0.13671875 0.23750000000000002
