0 0.6171875 0.6791666666666667 0.046875 0.058333333333333334
0 0.5484375 0.5208333333333334 0.0328125 0.058333333333333334
0 0.54140625 0.5923611111111111 0.028125 0.0625
0 0.551171875 0.6888888888888889 0.032031250000000004 0.0638888888888889
0 0.560546875 0.6444444444444445 0.04296875 0.058333333333333334
1 0.6507812500000001 0.6534722222222222 0.0421875 0.08194444444444444
1 0.583984375 0.5305555555555556 0.03671875 0.06666666666666667
1 0.5925781250000001 0.46597222222222223 0.03828125 0.06527777777777778
1 0.57265625 0.38472222222222224 0.051562500000000004 0.09444444444444444
1 0.555859375 0.2916666666666667 0.03671875 0.05555555555555556
1 0.590234375 0.26666666666666666 0.03359375 0.058333333333333334
1 0.58828125 0.2263888888888889 0.034375 0.04166666666666667
14 0.9324218750000001 0.9548611111111112 0.01171875 0.0375
16 0.6726562500000001 0.30347222222222225 0.13125 0.3236111111111111
