37 0.34804687500000003 0.16041666666666668 0.049218750000000006 0.0625
37 0.42109375000000004 0.4590277777777778 0.0421875 0.07916666666666666
1 0.424609375 0.23333333333333334 0.049218750000000006 0.08055555555555556
1 0.45156250000000003 0.20972222222222223 0.05 0.08333333333333334
1 0.48359375000000004 0.21319444444444446 0.0421875 0.07083333333333333
1 0.46210937500000004 0.2986111111111111 0.06796875000000001 0.11666666666666667
1 0.39921875 0.3861111111111111 0.034375 0.0638888888888889
1 0.491015625 0.4222222222222222 0.032031250000000004 0.0638888888888889
1 0.5300781250000001 0.44930555555555557 0.04453125 0.08472222222222223
0 0.371875 0.5618055555555556 0.043750000000000004 0.09305555555555556
0 0.40390625 0.5923611111111111 0.046875 0.10416666666666667
0 0.43359375 0.5881944444444445 0.059375000000000004 0.14305555555555557
0 0.487890625 0.6215277777777778 0.05390625 0.13194444444444445
