0 0.55625 0.12916666666666668 0.0421875 0.05277777777777778
0 0.6003906250000001 0.08819444444444445 0.030468750000000003 0.0625
0 0.6644531250000001 0.17708333333333334 0.03828125 0.0625
0 0.3984375 0.37222222222222223 0.0421875 0.061111111111111116
0 0.30585937500000004 0.4256944444444445 0.03828125 0.06527777777777778
0 0.278125 0.4388888888888889 0.043750000000000004 0.061111111111111116
0 0.31328125 0.6986111111111112 0.0578125 0.08611111111111111
0 0.273046875 0.7333333333333334 0.05078125 0.08888888888888889
0 0.29531250000000003 0.7944444444444445 0.0390625 0.07222222222222223
1 0.6371093750000001 0.1527777777777778 0.03515625 0.061111111111111116
1 0.671484375 0.10347222222222223 0.04453125 0.04583333333333334
1 0.7292968750000001 0.025694444444444447 0.03515625 0.04027777777777778
1 0.6253906250000001 0.04513888888888889 0.03359375 0.05694444444444444
1 0.6667968750000001 0.014583333333333334 0.02734375 0.029166666666666667
15 0.32343750000000004 0.23750000000000002 0.051562500000000004 0.030555555555555558
15 0.242578125 0.3923611111111111 0.06015625 0.029166666666666667
36 0.5320312500000001 0.8923611111111112 0.025 0.034722222222222224
