0 0.36835937500000004 0.6222222222222222 0.03671875 0.06666666666666667
0 0.43593750000000003 0.5597222222222222 0.035937500000000004 0.06944444444444445
0 0.375 0.46319444444444446 0.046875 0.059722222222222225
0 0.47421875 0.4361111111111111 0.045312500000000006 0.06666666666666667
0 0.45390625 0.2138888888888889 0.034375 0.058333333333333334
1 0.5796875 0.36458333333333337 0.043750000000000004 0.07361111111111111
1 0.41953125 0.4861111111111111 0.026562500000000003 0.044444444444444446
1 0.45390625 0.5041666666666667 0.035937500000000004 0.075
1 0.403125 0.5361111111111111 0.029687500000000002 0.058333333333333334
1 0.501953125 0.24097222222222223 0.02734375 0.05416666666666667
1 0.47109375000000003 0.2125 0.03125 0.061111111111111116
1 0.49140625000000004 0.1951388888888889 0.0140625 0.034722222222222224
14 0.933203125 0.9555555555555556 0.013281250000000001 0.02777777777777778
15 0.547265625 0.1826388888888889 0.07421875 0.018055555555555557
