2 0.392578125 0.8520833333333334 0.02109375 0.04027777777777778
2 0.428515625 0.8479166666666667 0.022656250000000003 0.043055555555555555
2 0.46523437500000003 0.8534722222222223 0.022656250000000003 0.034722222222222224
0 0.299609375 0.5479166666666667 0.03359375 0.05416666666666667
0 0.265625 0.4951388888888889 0.0390625 0.059722222222222225
0 0.30507812500000003 0.4708333333333333 0.03671875 0.05
0 0.42500000000000004 0.4479166666666667 0.025 0.05694444444444444
0 0.46015625000000004 0.29305555555555557 0.021875000000000002 0.022222222222222223
0 0.50703125 0.29305555555555557 0.028125 0.03888888888888889
1 0.5328125 0.30347222222222225 0.028125 0.04027777777777778
1 0.524609375 0.22847222222222224 0.02421875 0.051388888888888894
1 0.55078125 0.14305555555555557 0.026562500000000003 0.036111111111111115
1 0.5921875 0.12013888888888889 0.028125 0.043055555555555555
1 0.5691406250000001 0.10625 0.02421875 0.04027777777777778
