0 0.4859375 0.7284722222222223 0.040625 0.07361111111111111
0 0.44375000000000003 0.7131944444444445 0.0390625 0.07916666666666666
0 0.42109375000000004 0.763888888888889 0.045312500000000006 0.0638888888888889
0 0.413671875 0.6375000000000001 0.047656250000000004 0.0638888888888889
0 0.38007812500000004 0.6270833333333333 0.039843750000000004 0.07083333333333333
0 0.36640625000000004 0.5458333333333334 0.034375 0.061111111111111116
0 0.47578125000000004 0.5326388888888889 0.059375000000000004 0.10972222222222222
0 0.525390625 0.4951388888888889 0.047656250000000004 0.07916666666666666
0 0.53515625 0.5555555555555556 0.0484375 0.06944444444444445
1 0.5640625 0.6180555555555556 0.0390625 0.07222222222222223
1 0.5828125000000001 0.5298611111111111 0.043750000000000004 0.06805555555555556
1 0.6472656250000001 0.44097222222222227 0.055468750000000004 0.07361111111111111
1 0.6957031250000001 0.4305555555555556 0.05859375 0.11111111111111112
1 0.776953125 0.36388888888888893 0.05234375 0.06944444444444445
1 0.792578125 0.25 0.05078125 0.0638888888888889
16 0.55390625 0.33472222222222225 0.109375 0.28055555555555556
13 0.692578125 0.18125 0.11171875 0.2125
