0 0.55390625 0.5493055555555556 0.034375 0.06527777777777778
0 0.523046875 0.5576388888888889 0.03359375 0.059722222222222225
0 0.56015625 0.7048611111111112 0.040625 0.05416666666666667
0 0.57265625 0.41875 0.0328125 0.06805555555555556
0 0.49765625 0.43472222222222223 0.029687500000000002 0.044444444444444446
0 0.48828125 0.2326388888888889 0.025 0.0625
0 0.5078125 0.20902777777777778 0.026562500000000003 0.05694444444444444
0 0.5417968750000001 0.20902777777777778 0.041406250000000006 0.0763888888888889
2 0.428515625 0.8486111111111111 0.025781250000000002 0.04166666666666667
2 0.46328125000000003 0.8506944444444445 0.025 0.043055555555555555
