15 0.14609375 0.11180555555555556 0.084375 0.020833333333333336
1 0.22968750000000002 0.24027777777777778 0.035937500000000004 0.04722222222222222
1 0.5328125 0.21875 0.0328125 0.04861111111111111
0 0.36015625 0.4847222222222222 0.034375 0.05
0 0.31562500000000004 0.34861111111111115 0.03125 0.044444444444444446
0 0.37265625 0.5631944444444444 0.043750000000000004 0.0625
0 0.3765625 0.6618055555555555 0.0390625 0.059722222222222225
0 0.396484375 0.3736111111111111 0.04609375 0.09444444444444444
0 0.39453125 0.27569444444444446 0.029687500000000002 0.051388888888888894
3 0.428515625 0.8486111111111111 0.02109375 0.030555555555555558
2 0.46328125000000003 0.8520833333333334 0.018750000000000003 0.034722222222222224
