16 0.65 0.23819444444444446 0.1375 0.32083333333333336
0 0.6843750000000001 0.38125000000000003 0.0234375 0.04861111111111111
0 0.598046875 0.6138888888888889 0.03515625 0.05555555555555556
0 0.558203125 0.5770833333333334 0.02734375 0.051388888888888894
0 0.5234375 0.5493055555555556 0.03125 0.05416666666666667
0 0.458984375 0.6208333333333333 0.03359375 0.07222222222222223
0 0.546484375 0.38680555555555557 0.03671875 0.0625
1 0.412109375 0.28055555555555556 0.01953125 0.044444444444444446
1 0.48203125 0.2833333333333333 0.037500000000000006 0.0638888888888889
1 0.52890625 0.21597222222222223 0.021875000000000002 0.0375
1 0.56875 0.22222222222222224 0.025 0.03888888888888889
1 0.56875 0.18194444444444446 0.018750000000000003 0.019444444444444445
36 0.531640625 0.8965277777777778 0.02109375 0.051388888888888894
