0 0.381640625 0.4305555555555556 0.04453125 0.08055555555555556
0 0.339453125 0.3784722222222222 0.057031250000000006 0.08750000000000001
0 0.298046875 0.4847222222222222 0.03671875 0.058333333333333334
0 0.276171875 0.4513888888888889 0.03671875 0.04722222222222222
0 0.43281250000000004 0.2763888888888889 0.028125 0.05
0 0.4703125 0.2833333333333333 0.0390625 0.08055555555555556
0 0.503515625 0.2611111111111111 0.02734375 0.07222222222222223
1 0.03828125 0.30972222222222223 0.046875 0.05555555555555556
1 0.26484375 0.37222222222222223 0.043750000000000004 0.061111111111111116
1 0.24570312500000002 0.42083333333333334 0.04453125 0.05
1 0.248828125 0.48541666666666666 0.03515625 0.07083333333333333
1 0.42734375 0.14930555555555555 0.028125 0.04583333333333334
1 0.45390625 0.17569444444444446 0.0234375 0.0375
1 0.524609375 0.2625 0.02890625 0.06666666666666667
16 0.21796875000000002 0.15833333333333333 0.1203125 0.23611111111111113
3 0.46406250000000004 0.85 0.0328125 0.05277777777777778
2 0.42890625000000004 0.8493055555555555 0.026562500000000003 0.043055555555555555
