0 0.6214843750000001 0.5111111111111112 0.030468750000000003 0.08055555555555556
0 0.591015625 0.5 0.03359375 0.06944444444444445
0 0.594921875 0.6097222222222223 0.04609375 0.075
0 0.5886718750000001 0.7645833333333334 0.06328125 0.08750000000000001
0 0.5046875000000001 0.8083333333333333 0.045312500000000006 0.08055555555555556
1 0.54921875 0.5020833333333333 0.043750000000000004 0.07916666666666666
1 0.6296875000000001 0.2847222222222222 0.0421875 0.05555555555555556
1 0.583203125 0.30833333333333335 0.05390625 0.0638888888888889
1 0.56875 0.24861111111111112 0.037500000000000006 0.044444444444444446
14 0.9328125 0.9493055555555556 0.0171875 0.03194444444444445
16 0.691015625 0.14444444444444446 0.12421875 0.23611111111111113
36 0.53125 0.8944444444444445 0.025 0.03333333333333333
