0 0.605078125 0.3368055555555556 0.04609375 0.07916666666666666
0 0.591015625 0.2902777777777778 0.039843750000000004 0.06666666666666667
0 0.5476562500000001 0.3229166666666667 0.0421875 0.06527777777777778
0 0.508984375 0.3770833333333333 0.032031250000000004 0.04861111111111111
0 0.5375 0.41458333333333336 0.034375 0.06527777777777778
0 0.623046875 0.45069444444444445 0.047656250000000004 0.05694444444444444
0 0.54609375 0.6694444444444445 0.0421875 0.061111111111111116
0 0.54453125 0.6194444444444445 0.0421875 0.05555555555555556
0 0.51953125 0.5916666666666667 0.043750000000000004 0.058333333333333334
15 0.6117187500000001 0.03958333333333333 0.0765625 0.020833333333333336
