15 0.376953125 0.3819444444444445 0.08359375000000001 0.025
15 0.37578125 0.2652777777777778 0.084375 0.030555555555555558
36 0.5328125 0.8895833333333334 0.025 0.04027777777777778
1 0.4234375 0.3965277777777778 0.060937500000000006 0.10694444444444445
1 0.4546875 0.17916666666666667 0.05 0.09166666666666667
1 0.509375 0.07916666666666666 0.0671875 0.10833333333333334
0 0.36953125000000003 0.6888888888888889 0.043750000000000004 0.07777777777777778
0 0.334765625 0.6722222222222223 0.05859375 0.11388888888888889
0 0.296875 0.7222222222222222 0.07500000000000001 0.09722222222222222
0 0.38984375000000004 0.5645833333333333 0.05625 0.11527777777777778
0 0.337890625 0.46875 0.03828125 0.06527777777777778
0 0.328125 0.41805555555555557 0.0390625 0.0638888888888889
