1 0.579296875 0.20694444444444446 0.06484375 0.10833333333333334
1 0.6171875 0.21180555555555555 0.035937500000000004 0.06805555555555556
1 0.6566406250000001 0.25972222222222224 0.06328125 0.12222222222222223
1 0.74921875 0.23402777777777778 0.045312500000000006 0.07916666666666666
1 0.7703125000000001 0.2111111111111111 0.05 0.075
1 0.7484375000000001 0.16111111111111112 0.040625 0.0638888888888889
0 0.515234375 0.42986111111111114 0.049218750000000006 0.10972222222222222
0 0.608984375 0.35694444444444445 0.09296875 0.13333333333333333
0 0.605078125 0.2388888888888889 0.04453125 0.08055555555555556
0 0.482421875 0.33125 0.06171875 0.10694444444444445
0 0.7132812500000001 0.23611111111111113 0.06406250000000001 0.08055555555555556
