0 0.68515625 0.23472222222222222 0.029687500000000002 0.06666666666666667
0 0.5484375 0.2951388888888889 0.040625 0.0625
0 0.539453125 0.24583333333333335 0.030468750000000003 0.03888888888888889
0 0.509375 0.2548611111111111 0.0390625 0.06805555555555556
0 0.523828125 0.4166666666666667 0.05859375 0.09444444444444444
0 0.480078125 0.5305555555555556 0.04453125 0.07777777777777778
0 0.413671875 0.6236111111111111 0.05078125 0.06666666666666667
0 0.330078125 0.7194444444444444 0.06328125 0.075
1 0.7371093750000001 0.10486111111111111 0.03359375 0.059722222222222225
1 0.697265625 0.10138888888888889 0.039843750000000004 0.058333333333333334
1 0.65 0.09583333333333334 0.034375 0.05277777777777778
15 0.544140625 0.07847222222222222 0.06171875 0.020833333333333336
