0 0.578515625 0.375 0.04296875 0.058333333333333334
0 0.530859375 0.45833333333333337 0.047656250000000004 0.07777777777777778
0 0.505078125 0.5673611111111111 0.04609375 0.0763888888888889
0 0.47968750000000004 0.7881944444444444 0.07968750000000001 0.09305555555555556
0 0.7820312500000001 0.3 0.0328125 0.061111111111111116
0 0.79296875 0.17777777777777778 0.03125 0.05555555555555556
1 0.733984375 0.15208333333333335 0.047656250000000004 0.06805555555555556
1 0.7878906250000001 0.12430555555555556 0.03671875 0.05416666666666667
1 0.8363281250000001 0.19097222222222224 0.03515625 0.0625
1 0.8226562500000001 0.15625 0.029687500000000002 0.05416666666666667
1 0.79609375 0.08958333333333333 0.0390625 0.04861111111111111
1 0.7453125 0.043750000000000004 0.0484375 0.06805555555555556
15 0.61640625 0.20208333333333334 0.078125 0.02638888888888889
15 0.60703125 0.008333333333333333 0.029687500000000002 0.016666666666666666
