3 0.429296875 0.8486111111111111 0.022656250000000003 0.036111111111111115
2 0.46171875 0.85 0.0203125 0.03333333333333333
0 0.6003906250000001 0.65 0.02890625 0.075
0 0.569921875 0.61875 0.030468750000000003 0.07083333333333333
0 0.550390625 0.5805555555555556 0.03515625 0.06944444444444445
0 0.5300781250000001 0.5375 0.041406250000000006 0.061111111111111116
0 0.6882812500000001 0.3826388888888889 0.03125 0.04583333333333334
1 0.6628906250000001 0.3611111111111111 0.022656250000000003 0.044444444444444446
1 0.7074218750000001 0.33125 0.025781250000000002 0.04861111111111111
1 0.6800781250000001 0.30833333333333335 0.02109375 0.044444444444444446
14 0.933203125 0.9541666666666667 0.01171875 0.022222222222222223
