1 0.6742187500000001 0.49444444444444446 0.029687500000000002 0.044444444444444446
1 0.7351562500000001 0.4201388888888889 0.034375 0.04861111111111111
1 0.7390625000000001 0.3576388888888889 0.029687500000000002 0.043055555555555555
1 0.708984375 0.3340277777777778 0.02109375 0.034722222222222224
1 0.734375 0.2465277777777778 0.025 0.043055555555555555
1 0.7777343750000001 0.22013888888888888 0.022656250000000003 0.04861111111111111
1 0.749609375 0.18958333333333335 0.025781250000000002 0.0375
0 0.6550781250000001 0.40625 0.04296875 0.0625
0 0.701171875 0.39513888888888893 0.02890625 0.059722222222222225
0 0.52734375 0.6138888888888889 0.040625 0.0638888888888889
0 0.6492187500000001 0.5722222222222223 0.0390625 0.06944444444444445
0 0.48281250000000003 0.6354166666666667 0.045312500000000006 0.07361111111111111
0 0.521484375 0.6986111111111112 0.049218750000000006 0.0638888888888889
3 0.39609375 0.8493055555555555 0.015625 0.034722222222222224
2 0.42812500000000003 0.8527777777777779 0.0203125 0.030555555555555558
2 0.46523437500000003 0.8562500000000001 0.022656250000000003 0.034722222222222224
