0 0.5554687500000001 0.2534722222222222 0.0171875 0.04583333333333334
0 0.44179687500000003 0.11388888888888889 0.02734375 0.04722222222222222
0 0.39882812500000003 0.05694444444444444 0.02421875 0.05555555555555556
0 0.464453125 0.23750000000000002 0.01953125 0.030555555555555558
15 0.39101562500000003 0.1736111111111111 0.07109375 0.022222222222222223
16 0.6058593750000001 0.06527777777777778 0.07890625000000001 0.12222222222222223
14 0.9324218750000001 0.9520833333333334 0.01171875 0.0375
0 0.44296875 0.3076388888888889 0.015625 0.04027777777777778
0 0.47421875 0.30972222222222223 0.018750000000000003 0.036111111111111115
0 0.45859375 0.29583333333333334 0.0203125 0.044444444444444446
36 0.5328125 0.8895833333333334 0.025 0.0375
