3 0.429296875 0.8520833333333334 0.01953125 0.034722222222222224
2 0.4625 0.85 0.0203125 0.02777777777777778
0 0.39687500000000003 0.36736111111111114 0.029687500000000002 0.07083333333333333
0 0.419921875 0.18958333333333335 0.03671875 0.04861111111111111
0 0.38906250000000003 0.13680555555555557 0.021875000000000002 0.051388888888888894
0 0.446875 0.2798611111111111 0.0328125 0.043055555555555555
1 0.578515625 0.2576388888888889 0.030468750000000003 0.051388888888888894
1 0.56796875 0.20277777777777778 0.034375 0.04166666666666667
1 0.333984375 0.015972222222222224 0.02109375 0.029166666666666667
1 0.362890625 0.03819444444444445 0.03359375 0.051388888888888894
1 0.32539062500000004 0.11597222222222223 0.025781250000000002 0.05694444444444444
1 0.3484375 0.14097222222222222 0.03125 0.05694444444444444
1 0.565625 0.022222222222222223 0.026562500000000003 0.036111111111111115
