0 0.326953125 0.5409722222222222 0.02890625 0.059722222222222225
0 0.29140625000000003 0.5006944444444444 0.029687500000000002 0.0625
0 0.357421875 0.4527777777777778 0.025781250000000002 0.05555555555555556
0 0.37890625 0.4791666666666667 0.026562500000000003 0.05
0 0.35703125 0.3354166666666667 0.0234375 0.04027777777777778
0 0.384765625 0.32916666666666666 0.02109375 0.044444444444444446
15 0.4078125 0.1875 0.08281250000000001 0.019444444444444445
1 0.43476562500000004 0.2902777777777778 0.02890625 0.05
1 0.32851562500000003 0.17430555555555557 0.030468750000000003 0.04861111111111111
1 0.366796875 0.12361111111111112 0.025781250000000002 0.03888888888888889
1 0.421484375 0.22013888888888888 0.025781250000000002 0.029166666666666667
