0 0.40937500000000004 0.6881944444444444 0.029687500000000002 0.0625
0 0.46640625 0.5701388888888889 0.0421875 0.06527777777777778
0 0.5027343750000001 0.4451388888888889 0.025781250000000002 0.04861111111111111
0 0.52578125 0.3576388888888889 0.03125 0.05416666666666667
0 0.540625 0.3138888888888889 0.029687500000000002 0.044444444444444446
0 0.48945312500000004 0.27847222222222223 0.01953125 0.043055555555555555
1 0.511328125 0.2916666666666667 0.02421875 0.04722222222222222
1 0.5710937500000001 0.28194444444444444 0.025 0.04166666666666667
1 0.523046875 0.2152777777777778 0.02109375 0.030555555555555558
1 0.591796875 0.1423611111111111 0.022656250000000003 0.034722222222222224
1 0.569921875 0.10833333333333334 0.01640625 0.02777777777777778
15 0.49531250000000004 0.07083333333333333 0.08125 0.016666666666666666
1 0.474609375 0.39513888888888893 0.022656250000000003 0.051388888888888894
