15 0.51171875 0.18055555555555555 0.0734375 0.019444444444444445
1 0.59921875 0.31180555555555556 0.026562500000000003 0.04583333333333334
1 0.65546875 0.34444444444444444 0.0234375 0.044444444444444446
1 0.665625 0.4152777777777778 0.029687500000000002 0.04722222222222222
1 0.6804687500000001 0.32430555555555557 0.021875000000000002 0.04027777777777778
1 0.6566406250000001 0.27361111111111114 0.032031250000000004 0.04722222222222222
1 0.6058593750000001 0.24583333333333335 0.02890625 0.036111111111111115
1 0.5320312500000001 0.23541666666666666 0.03125 0.04583333333333334
0 0.248828125 0.45833333333333337 0.032031250000000004 0.044444444444444446
0 0.14453125 0.4791666666666667 0.03125 0.03888888888888889
