0 0.6800781250000001 0.4840277777777778 0.02890625 0.04861111111111111
0 0.677734375 0.42083333333333334 0.03515625 0.044444444444444446
0 0.6292968750000001 0.3625 0.02890625 0.05
0 0.7253906250000001 0.35694444444444445 0.055468750000000004 0.061111111111111116
0 0.8140625 0.33611111111111114 0.026562500000000003 0.044444444444444446
0 0.8328125000000001 0.2888888888888889 0.028125 0.05
1 0.653515625 0.3493055555555556 0.03515625 0.05694444444444444
1 0.73203125 0.42638888888888893 0.028125 0.058333333333333334
1 0.7718750000000001 0.4361111111111111 0.018750000000000003 0.04722222222222222
1 0.7777343750000001 0.39861111111111114 0.02109375 0.04722222222222222
1 0.8113281250000001 0.4375 0.03515625 0.05555555555555556
1 0.81953125 0.39166666666666666 0.026562500000000003 0.04722222222222222
1 0.876171875 0.4222222222222222 0.03828125 0.061111111111111116
1 0.85703125 0.34652777777777777 0.037500000000000006 0.08194444444444444
1 0.884375 0.32430555555555557 0.025 0.043055555555555555
1 0.8859375 0.23958333333333334 0.025 0.04583333333333334
