0 0.623046875 0.5444444444444445 0.02734375 0.05277777777777778
0 0.594140625 0.5083333333333333 0.02421875 0.058333333333333334
0 0.54140625 0.5125000000000001 0.0390625 0.05277777777777778
0 0.51484375 0.4618055555555556 0.018750000000000003 0.04027777777777778
0 0.48476562500000003 0.4666666666666667 0.01953125 0.04722222222222222
0 0.614453125 0.3277777777777778 0.02421875 0.04722222222222222
0 0.6039062500000001 0.3416666666666667 0.021875000000000002 0.03888888888888889
0 0.6664062500000001 0.31527777777777777 0.021875000000000002 0.044444444444444446
1 0.583984375 0.3284722222222222 0.01953125 0.034722222222222224
1 0.59609375 0.2888888888888889 0.028125 0.036111111111111115
1 0.558203125 0.2715277777777778 0.032031250000000004 0.04027777777777778
1 0.534765625 0.19930555555555557 0.032031250000000004 0.08472222222222223
1 0.574609375 0.12708333333333333 0.017968750000000002 0.04027777777777778
1 0.586328125 0.075 0.01640625 0.02777777777777778
1 0.5750000000000001 0.013194444444444444 0.021875000000000002 0.018055555555555557
16 0.626171875 0.18055555555555555 0.13203125000000002 0.2833333333333333
