1 0.681640625 0.45069444444444445 0.06328125 0.10138888888888889
1 0.721875 0.5173611111111112 0.053125000000000006 0.07916666666666666
1 0.7152343750000001 0.5902777777777778 0.041406250000000006 0.08333333333333334
1 0.58828125 0.3944444444444445 0.05625 0.08055555555555556
0 0.524609375 0.40625 0.057031250000000006 0.09583333333333334
0 0.606640625 0.45625000000000004 0.06796875000000001 0.08472222222222223
0 0.38593750000000004 0.4951388888888889 0.065625 0.1125
0 0.44609375 0.5076388888888889 0.040625 0.059722222222222225
0 0.26875 0.5270833333333333 0.065625 0.10694444444444445
0 0.178125 0.5319444444444444 0.0671875 0.08888888888888889
0 0.09296875 0.5361111111111111 0.059375000000000004 0.09444444444444444
