0 0.22382812500000002 0.3576388888888889 0.041406250000000006 0.06527777777777778
0 0.251171875 0.3597222222222222 0.03515625 0.06944444444444445
0 0.300390625 0.4138888888888889 0.04609375 0.06944444444444445
1 0.43398437500000003 0.4666666666666667 0.03671875 0.06666666666666667
1 0.45078125 0.5354166666666667 0.045312500000000006 0.05416666666666667
1 0.38984375000000004 0.4708333333333333 0.05 0.06944444444444445
1 0.371875 0.3715277777777778 0.0421875 0.06527777777777778
1 0.34414062500000003 0.3590277777777778 0.03671875 0.06805555555555556
1 0.321875 0.34652777777777777 0.0484375 0.07083333333333333
1 0.28046875 0.36458333333333337 0.040625 0.05694444444444444
36 0.533203125 0.8909722222222223 0.02421875 0.029166666666666667
