3 0.83125 0.5632812500000001 0.0625 0.0859375
3 0.5476562500000001 0.68671875 0.1078125 0.0859375
3 0.7312500000000001 0.534375 0.06875 0.096875
3 0.6648437500000001 0.5109375 0.0765625 0.10312500000000001
3 0.6015625 0.525 0.059375000000000004 0.08125
3 0.44062500000000004 0.49765625 0.06875 0.0765625
3 0.36484375 0.50390625 0.0734375 0.0890625
3 0.44765625000000003 0.44062500000000004 0.0921875 0.07500000000000001
3 0.35859375000000004 0.371875 0.1078125 0.08750000000000001
3 0.44921875 0.2234375 0.0921875 0.1125
3 0.51953125 0.21953125 0.07968750000000001 0.0859375
3 0.5906250000000001 0.1375 0.1 0.07500000000000001
3 0.659375 0.17734375000000002 0.08125 0.07968750000000001
3 0.7445312500000001 0.23046875 0.0703125 0.07968750000000001
3 0.7054687500000001 0.10078125 0.0734375 0.060937500000000006
3 0.85859375 0.084375 0.0765625 0.065625
3 0.728125 0.1859375 0.025 0.018750000000000003
