1 0.2234375 0.49296875 0.31875000000000003 0.2078125
1 0.6531250000000001 0.6000000000000001 0.48750000000000004 0.078125
4 0.82734375 0.39687500000000003 0.0890625 0.07187500000000001
4 0.703125 0.421875 0.078125 0.078125
4 0.63984375 0.47578125000000004 0.0734375 0.07968750000000001
4 0.48359375000000004 0.25859375 0.060937500000000006 0.06406250000000001
4 0.58984375 0.27968750000000003 0.0703125 0.053125000000000006
4 0.7421875 0.16953125000000002 0.10312500000000001 0.06406250000000001
4 0.796875 0.09765625 0.0625 0.0734375
4 0.8695312500000001 0.045312500000000006 0.0703125 0.0625
4 0.5242187500000001 0.07187500000000001 0.07968750000000001 0.046875
4 0.3765625 0.05078125 0.07500000000000001 0.060937500000000006
4 0.47109375000000003 0.04296875 0.0859375 0.0546875
4 0.33984375 0.10390625 0.0734375 0.0484375
4 0.29531250000000003 0.21796875000000002 0.084375 0.08281250000000001
4 0.2265625 0.21406250000000002 0.09062500000000001 0.084375
4 0.2015625 0.29609375 0.10312500000000001 0.0578125
