5 0.43203125000000003 0.037500000000000006 0.0578125 0.021875000000000002
0 0.16015625 0.0171875 0.0484375 0.021875000000000002
4 0.36250000000000004 0.6453125000000001 0.07500000000000001 0.078125
4 0.19921875 0.775 0.0703125 0.05625
4 0.23984375000000002 0.88046875 0.060937500000000006 0.0671875
4 0.08203125 0.6531250000000001 0.08281250000000001 0.07500000000000001
4 0.10546875 0.5007812500000001 0.0703125 0.0765625
4 0.026562500000000003 0.5593750000000001 0.03125 0.07500000000000001
4 0.0578125 0.24765625000000002 0.065625 0.06406250000000001
3 0.10234375000000001 0.1046875 0.0890625 0.0625
3 0.041406250000000006 0.37109375 0.06406250000000001 0.0390625
