4 0.28515625 0.525 0.0890625 0.096875
4 0.35781250000000003 0.49609375 0.078125 0.09843750000000001
4 0.3515625 0.6351562500000001 0.096875 0.0734375
4 0.41875 0.5710937500000001 0.09062500000000001 0.1015625
4 0.5453125 0.603125 0.09062500000000001 0.084375
4 0.50625 0.7117187500000001 0.09375 0.0703125
4 0.64375 0.61875 0.07187500000000001 0.10312500000000001
4 0.6859375000000001 0.6781250000000001 0.08125 0.08125
4 0.74765625 0.6414062500000001 0.0765625 0.1015625
4 0.40625 0.27265625 0.1375 0.1171875
4 0.446875 0.37578125 0.09375 0.08281250000000001
4 0.42578125 0.17343750000000002 0.07968750000000001 0.08750000000000001
4 0.5242187500000001 0.25234375000000003 0.09843750000000001 0.08281250000000001
4 0.6171875 0.22812500000000002 0.09062500000000001 0.09375
3 0.7046875 0.2234375 0.078125 0.08125
3 0.70234375 0.1078125 0.0765625 0.07187500000000001
3 0.86484375 0.0921875 0.0703125 0.07500000000000001
