5 0.36171875000000003 0.13359375 0.06406250000000001 0.0203125
3 0.3140625 0.453125 0.05625 0.043750000000000004
3 0.25390625 0.42109375000000004 0.060937500000000006 0.0734375
3 0.61328125 0.39609375 0.060937500000000006 0.0703125
3 0.6664062500000001 0.1796875 0.0578125 0.046875
3 0.671875 0.08359375000000001 0.0625 0.0484375
3 0.59921875 0.08984375 0.0671875 0.051562500000000004
3 0.5703125 0.32109375 0.046875 0.060937500000000006
4 0.28828125 0.6781250000000001 0.060937500000000006 0.08125
4 0.1796875 0.6640625 0.07187500000000001 0.065625
4 0.32734375000000004 0.7914062500000001 0.0734375 0.07968750000000001
4 0.37265625 0.61484375 0.0734375 0.08281250000000001
4 0.49062500000000003 0.51796875 0.084375 0.0703125
4 0.4390625 0.8914062500000001 0.084375 0.0921875
4 0.5875 0.86328125 0.08750000000000001 0.1078125
4 0.80625 0.7625000000000001 0.065625 0.1
4 0.8968750000000001 0.74765625 0.08125 0.0921875
4 0.9328125 0.93515625 0.084375 0.0734375
4 0.32421875 0.9281250000000001 0.060937500000000006 0.059375000000000004
0 0.78671875 0.29140625000000003 0.060937500000000006 0.029687500000000002
1 0.8765625 0.030468750000000003 0.24375000000000002 0.0546875
1 0.340625 0.18203125 0.153125 0.051562500000000004
1 0.2171875 0.2921875 0.14375000000000002 0.08750000000000001
1 0.11328125 0.9226562500000001 0.1296875 0.13593750000000002
