4 0.7640625000000001 0.36796875 0.059375000000000004 0.0703125
4 0.7054687500000001 0.44296875 0.08281250000000001 0.07968750000000001
4 0.91015625 0.39687500000000003 0.06406250000000001 0.065625
4 0.8421875000000001 0.33515625000000004 0.07187500000000001 0.0734375
4 0.6023437500000001 0.59296875 0.0734375 0.0765625
4 0.6765625000000001 0.59140625 0.065625 0.0671875
4 0.96484375 0.7109375 0.0546875 0.07500000000000001
4 0.7093750000000001 0.259375 0.09062500000000001 0.1
3 0.90546875 0.24453125 0.0578125 0.0703125
3 0.63984375 0.06328125 0.0734375 0.0484375
3 0.7453125 0.02890625 0.05 0.029687500000000002
3 0.82734375 0.047656250000000004 0.0546875 0.0546875
3 0.89453125 0.041406250000000006 0.08281250000000001 0.0578125
5 0.48515625 0.08046875 0.0578125 0.0140625
