4 0.290625 0.46015625000000004 0.08125 0.0734375
4 0.35234375 0.49062500000000003 0.0671875 0.07187500000000001
4 0.3609375 0.5359375000000001 0.059375000000000004 0.06875
4 0.4109375 0.5859375 0.06875 0.078125
4 0.48046875 0.6687500000000001 0.0859375 0.065625
4 0.55 0.6023437500000001 0.07187500000000001 0.0578125
4 0.65 0.61875 0.065625 0.065625
4 0.7390625000000001 0.63828125 0.06875 0.0671875
4 0.81953125 0.60078125 0.08281250000000001 0.0890625
4 0.44062500000000004 0.26875 0.134375 0.115625
4 0.53671875 0.265625 0.0890625 0.078125
4 0.5640625 0.16640625 0.08125 0.051562500000000004
4 0.6171875 0.2328125 0.08125 0.078125
4 0.6531250000000001 0.2828125 0.09062500000000001 0.096875
3 0.70234375 0.10234375000000001 0.0859375 0.0859375
3 0.8734375000000001 0.08750000000000001 0.1 0.07187500000000001
3 0.7093750000000001 0.21484375 0.084375 0.0921875
