3 0.628125 0.12890625 0.07187500000000001 0.09531250000000001
4 0.6843750000000001 0.3484375 0.08125 0.096875
4 0.8445312500000001 0.34140625 0.06406250000000001 0.06406250000000001
4 0.5554687500000001 0.3953125 0.0578125 0.0625
4 0.60546875 0.5828125000000001 0.0703125 0.059375000000000004
4 0.69453125 0.5921875 0.0890625 0.078125
4 0.7703125000000001 0.540625 0.07187500000000001 0.1
4 0.8640625000000001 0.54296875 0.06875 0.0578125
4 0.88828125 0.665625 0.0546875 0.05
4 0.95859375 0.7117187500000001 0.0578125 0.0765625
1 0.62265625 0.87890625 0.2921875 0.2265625
1 0.42265625 0.675 0.1421875 0.16562500000000002
1 0.47734375 0.10312500000000001 0.1234375 0.171875
