4 0.62421875 0.1546875 0.1046875 0.10312500000000001
4 0.4859375 0.2265625 0.084375 0.08750000000000001
4 0.59921875 0.265625 0.07968750000000001 0.08750000000000001
4 0.6859375000000001 0.28671875 0.065625 0.0703125
4 0.68515625 0.35781250000000003 0.08281250000000001 0.078125
4 0.759375 0.38906250000000003 0.059375000000000004 0.07500000000000001
4 0.878125 0.34218750000000003 0.078125 0.1
4 0.9234375 0.46406250000000004 0.0625 0.06875
4 0.7921875 0.5421875 0.09375 0.0625
4 0.9773437500000001 0.38828125 0.0421875 0.0921875
4 0.76484375 0.11093750000000001 0.0671875 0.078125
4 0.8617187500000001 0.115625 0.0734375 0.08125
4 0.73359375 0.04296875 0.0765625 0.0578125
3 0.8921875 0.034375 0.07187500000000001 0.053125000000000006
