5 0.50703125 0.12421875 0.08281250000000001 0.026562500000000003
3 0.815625 0.05234375 0.078125 0.06406250000000001
3 0.6359375 0.109375 0.065625 0.07500000000000001
3 0.44062500000000004 0.22812500000000002 0.07187500000000001 0.078125
3 0.65390625 0.30234375 0.0671875 0.09531250000000001
3 0.7515625 0.3640625 0.0625 0.078125
3 0.84296875 0.42734375 0.07968750000000001 0.0578125
3 0.45 0.5296875 0.09375 0.05625
3 0.57265625 0.49453125000000003 0.0921875 0.09531250000000001
4 0.603125 0.6046875 0.09375 0.0625
4 0.478125 0.65234375 0.078125 0.07968750000000001
