4 0.62265625 0.68515625 0.1265625 0.13593750000000002
4 0.7546875000000001 0.7109375 0.09062500000000001 0.08125
4 0.58046875 0.9007812500000001 0.0890625 0.09531250000000001
4 0.8375 0.76875 0.065625 0.09062500000000001
4 0.9382812500000001 0.81015625 0.060937500000000006 0.0890625
4 0.7757812500000001 0.5328125 0.09531250000000001 0.0625
4 0.76171875 0.6125 0.0765625 0.043750000000000004
4 0.9171875 0.47890625000000003 0.08750000000000001 0.051562500000000004
4 0.85546875 0.328125 0.0546875 0.084375
4 0.7984375 0.17890625000000002 0.0625 0.0921875
4 0.7765625 0.039843750000000004 0.06875 0.051562500000000004
4 0.6195312500000001 0.0203125 0.0546875 0.018750000000000003
