3 0.603125 0.01953125 0.0625 0.0140625
3 0.8171875000000001 0.2171875 0.059375000000000004 0.065625
4 0.4609375 0.46171875 0.065625 0.07968750000000001
4 0.6664062500000001 0.553125 0.09843750000000001 0.115625
4 0.40703125 0.7828125 0.08281250000000001 0.0625
4 0.53828125 0.7914062500000001 0.09843750000000001 0.0578125
4 0.73359375 0.76171875 0.07968750000000001 0.07968750000000001
4 0.6531250000000001 0.8148437500000001 0.05625 0.026562500000000003
1 0.8984375 0.078125 0.16562500000000002 0.053125000000000006
1 0.44765625000000003 0.24531250000000002 0.0671875 0.06875
1 0.37343750000000003 0.30390625000000004 0.08125 0.0734375
1 0.7757812500000001 0.08671875000000001 0.051562500000000004 0.051562500000000004
4 0.70234375 0.39375000000000004 0.1078125 0.07187500000000001
4 0.7742187500000001 0.33515625000000004 0.1046875 0.08281250000000001
