4 0.32890625 0.45859375 0.0734375 0.08281250000000001
4 0.9375 0.42812500000000003 0.059375000000000004 0.096875
3 0.42500000000000004 0.52734375 0.084375 0.0921875
3 0.5484375 0.484375 0.125 0.109375
3 0.40625 0.446875 0.046875 0.0625
3 0.47500000000000003 0.31953125000000004 0.065625 0.06406250000000001
3 0.6062500000000001 0.35625 0.065625 0.059375000000000004
3 0.7375 0.36640625000000004 0.06875 0.0734375
3 0.846875 0.43203125000000003 0.05 0.0578125
3 0.659375 0.309375 0.06875 0.07187500000000001
3 0.41640625000000003 0.240625 0.0671875 0.053125000000000006
3 0.47109375000000003 0.3171875 0.0890625 0.08125
3 0.77734375 0.09062500000000001 0.0703125 0.07500000000000001
3 0.8515625 0.1125 0.078125 0.065625
