3 0.8773437500000001 0.09296875 0.07968750000000001 0.0546875
4 0.81953125 0.16953125000000002 0.07968750000000001 0.060937500000000006
4 0.74609375 0.43281250000000004 0.1296875 0.084375
4 0.8523437500000001 0.3328125 0.0578125 0.065625
4 0.784375 0.540625 0.065625 0.065625
4 0.6039062500000001 0.5945312500000001 0.0890625 0.060937500000000006
4 0.6984375 0.62109375 0.0625 0.0703125
4 0.5867187500000001 0.7453125 0.09531250000000001 0.096875
4 0.8289062500000001 0.7718750000000001 0.0671875 0.096875
4 0.7289062500000001 0.7140625 0.06406250000000001 0.07187500000000001
4 0.940625 0.81640625 0.053125000000000006 0.0765625
4 0.97421875 0.47968750000000004 0.0421875 0.07187500000000001
1 0.51953125 0.08203125 0.1234375 0.09531250000000001
1 0.45234375000000004 0.73984375 0.1171875 0.1453125
1 0.6414062500000001 0.9046875000000001 0.2171875 0.134375
1 0.49921875000000004 0.22734375 0.1484375 0.0890625
1 0.59375 0.030468750000000003 0.109375 0.0421875
