3 0.8757812500000001 0.16484375 0.0578125 0.0734375
4 0.8078125 0.16328125000000002 0.05 0.07968750000000001
4 0.74921875 0.43125 0.09531250000000001 0.06875
4 0.8500000000000001 0.34296875000000004 0.05625 0.060937500000000006
4 0.7718750000000001 0.5390625 0.08125 0.05625
4 0.6062500000000001 0.5867187500000001 0.08125 0.0671875
4 0.69921875 0.62265625 0.0859375 0.0671875
4 0.74140625 0.71875 0.06406250000000001 0.0625
4 0.83515625 0.7718750000000001 0.0703125 0.09062500000000001
4 0.9328125 0.8171875000000001 0.046875 0.07187500000000001
4 0.44765625000000003 0.4734375 0.0671875 0.05625
