5 0.45546875000000003 0.22812500000000002 0.06406250000000001 0.025
4 0.69296875 0.27968750000000003 0.08281250000000001 0.078125
4 0.8539062500000001 0.33671875 0.0546875 0.0546875
4 0.909375 0.40234375 0.06875 0.0671875
4 0.7625000000000001 0.36640625000000004 0.0625 0.060937500000000006
4 0.6937500000000001 0.45 0.07500000000000001 0.053125000000000006
4 0.6664062500000001 0.584375 0.0578125 0.07187500000000001
4 0.59765625 0.60546875 0.06406250000000001 0.06406250000000001
4 0.7671875 0.66015625 0.065625 0.0734375
4 0.8859375 0.65390625 0.07187500000000001 0.060937500000000006
3 0.79296875 0.21875 0.0703125 0.07187500000000001
3 0.8953125000000001 0.2546875 0.06875 0.078125
3 0.8328125000000001 0.035937500000000004 0.0625 0.046875
3 0.6414062500000001 0.0578125 0.060937500000000006 0.053125000000000006
3 0.90390625 0.040625 0.0578125 0.037500000000000006
3 0.9796875 0.11796875000000001 0.037500000000000006 0.0671875
4 0.9750000000000001 0.64375 0.043750000000000004 0.084375
4 0.98203125 0.9226562500000001 0.026562500000000003 0.060937500000000006
1 0.56875 0.8343750000000001 0.3125 0.30312500000000003
1 0.49375 0.08203125 0.09062500000000001 0.1421875
