4 0.4140625 0.37421875000000004 0.07500000000000001 0.0734375
4 0.4890625 0.61484375 0.115625 0.09843750000000001
4 0.7015625000000001 0.53125 0.1 0.084375
4 0.29375 0.6804687500000001 0.09375 0.060937500000000006
4 0.29609375 0.8078125 0.0859375 0.06875
4 0.38984375000000004 0.821875 0.09531250000000001 0.084375
4 0.49531250000000004 0.796875 0.1125 0.08125
4 0.375 0.9375 0.07500000000000001 0.078125
4 0.46796875000000004 0.9617187500000001 0.07968750000000001 0.0546875
4 0.7445312500000001 0.6781250000000001 0.08281250000000001 0.09062500000000001
4 0.8046875 0.74375 0.065625 0.084375
4 0.890625 0.7578125 0.07500000000000001 0.096875
4 0.9390625 0.9375 0.05625 0.07500000000000001
4 0.84296875 0.9695312500000001 0.0546875 0.0390625
3 0.421875 0.25078125 0.065625 0.0703125
3 0.5398437500000001 0.03671875 0.09843750000000001 0.0390625
4 0.6390625000000001 0.07968750000000001 0.065625 0.0625
