4 0.58203125 0.64609375 0.09843750000000001 0.0765625
4 0.6796875 0.546875 0.1125 0.10312500000000001
4 0.7835937500000001 0.46484375 0.09531250000000001 0.0859375
4 0.84765625 0.5328125 0.0703125 0.08750000000000001
4 0.5398437500000001 0.79609375 0.08281250000000001 0.06406250000000001
4 0.65546875 0.815625 0.0734375 0.028125
3 0.8187500000000001 0.21796875000000002 0.10625000000000001 0.08281250000000001
3 0.7210937500000001 0.2265625 0.06406250000000001 0.05625
3 0.696875 0.16328125000000002 0.065625 0.051562500000000004
5 0.6171875 0.18359375 0.05 0.0171875
