4 0.46484375 0.49531250000000004 0.0859375 0.10312500000000001
4 0.24375000000000002 0.61875 0.096875 0.078125
4 0.13828125 0.84765625 0.0890625 0.06406250000000001
4 0.70078125 0.28828125 0.0703125 0.08281250000000001
4 0.8304687500000001 0.328125 0.0765625 0.084375
4 0.39921875 0.24531250000000002 0.06406250000000001 0.07500000000000001
4 0.5109375 0.296875 0.059375000000000004 0.0625
4 0.28125 0.12187500000000001 0.05625 0.06875
4 0.36328125 0.09765625 0.0671875 0.07968750000000001
4 0.4625 0.032031250000000004 0.05 0.0390625
4 0.15546875000000002 0.039843750000000004 0.06406250000000001 0.045312500000000006
1 0.153125 0.34218750000000003 0.19062500000000002 0.215625
1 0.33125000000000004 0.46484375 0.12187500000000001 0.1265625
1 0.7078125000000001 0.54921875 0.375 0.0703125
