4 0.8093750000000001 0.31093750000000003 0.1125 0.1125
4 0.68515625 0.4421875 0.0890625 0.09375
4 0.759375 0.5906250000000001 0.09062500000000001 0.08750000000000001
4 0.50703125 0.35390625000000003 0.051562500000000004 0.0390625
4 0.6875 0.24531250000000002 0.08750000000000001 0.084375
4 0.5476562500000001 0.15703125 0.045312500000000006 0.0890625
4 0.7765625 0.21484375 0.05625 0.0578125
3 0.7171875000000001 0.07500000000000001 0.10625000000000001 0.09062500000000001
3 0.55234375 0.096875 0.0765625 0.053125000000000006
3 0.58984375 0.17578125 0.045312500000000006 0.0890625
4 0.68515625 0.8125 0.09531250000000001 0.05
